0 0000005,0030715,0040025,0060405,0080025,0080040,0000015,0030725,0070280,0070560,0090025,0100065 6
1 0000005,0030715,0040025,0060405,0080025,0080040 6
2 0000005,0021245,0040025,0050005,0071385,0080015,0080025,0101065 8
3 0000005,0021245,0040025,0080015,0080025,0101065,0000015,0030415,0071185,0071385 6
4 0000005,0021245,0040025,0080015,0080025,0000015,0021325,0050005,0060070,0090025,0101065 5
5 0000005,0021245,0040025,0050005,0080015,0080025,0021225,0060070,0090025 6
6 0000005,0000015,0021245,0040025,0050005,0080025,0021205,0030495,0040015,0071695,0072205,0090025 6
7 0000005,0000015,0030755,0040025,0040105,0060410,0102305,0050015,0080025 7
8 0000005,0021375,0030715,0040025,0080025,0080045,0090025,0010005,0102505 7
9 0000005,0030715,0040025,0080025,0080045,0010005,0021275,0021375,0060455,0090025 5
10 0000005,0010005,0030515,0040025,0040105,0060475,0090025,0102305 8
11 0000005,0000015,0040025,0040105,0080025,0101055,0102295,0102305 8
12 0000005,0000015,0040025,0040105,0080025,0102295,0102305,0000025,0021275 7
13 0000005,0000015,0040025,0040105,0102305,0000025,0030755,0060020,0080025,0100295,0102295 5
14 0000005,0000015,0030755,0040025,0040105,0100295,0102305,0050005,0080025 7
15 0000005,0000025,0030435,0040025,0080015,0080025,0102305 7
16 0000005,0040025,0040105,0070935,0090015,0090025,0100205,0102305 8
17 0000005,0040025,0040105,0090015,0090025,0102305,0050015,0080015,0080025,0100205 6
18 0000005,0040025,0040105,0080025,0090025,0102305,0010005,0021245,0021265,0090015 6
19 0000005,0010005,0040025,0040105,0090025,0102305,0000025,0030675,0060475,0080025 6
20 0000005,0021375,0040025,0080025,0080045,0102305,0040065,0060405,0080035 6
21 0000005,0000025,0040025,0050005,0060405,0080025,0102305,0030415,0040085 7
22 0000005,0000025,0040025,0080015,0080025,0102305,0021255,0030415,0030435,0040115,0050005 6
23 0000005,0040065,0050015,0060475,0071985,0080015,0090025,0040045,0080035 7
24 0000005,0071985,0080015 3
25 0000005,0021375,0040025,0080025,0090015,0090025,0102305,0102505 8
26 0000005,0021375,0040025,0080025,0090015,0090025,0102305,0102505 8
27 0000005,0021375,0040025,0080025,0090025,0102305,0021385,0040065,0071745,0090005,0102505 6
28 0000005,0050015,0071985,0080015,0080025,0090025,0030745,0040055,0050005,0060065,0072155,0100245 6
29 0000005,0050015,0071985,0080015,0080025,0090025,0021375,0021385,0040065,0060195,0060425,0100295 6
30 0000005,0010005,0030745,0040045,0040065,0071985,0090025,0050005,0080025 7
31 0000005,0050015,0071985,0080015,0080025,0090025,0102495,0080045,0101875 7
32 0000005,0050015,0071985,0080015,0080025,0090025,0050005,0060045,0080045,0090005,0100295,0102195 6
33 0000005,0040045,0071985,0090025,0100775,0050005,0070265,0070955,0080015,0102305 5
34 0000005,0040045,0050005,0070955,0071985,0090025,0100775,0030455,0070265 7
35 0000005,0040045,0040055,0040065,0071985,0080015,0080025,0090025 8
36 0000005,0040045,0040055,0040065,0071985,0090025,0010005,0030490,0080015,0102275 6
37 0000005,0010005,0040045,0040065,0071985,0080025,0090025,0030405,0080015 7
38 0000005,0010005,0050015,0071985,0080015,0090005,0090025,0050005,0060125 7
39 0000005,0071985,0080015,0090005,0090025,0010005,0040075,0050005,0050015,0080025,0090015 5
40 0000005,0040075,0071985,0080015,0090005,0090025,0010005,0030435,0071175,0080025,0090015 6
41 0000005,0071985,0080015,0090025,0010005,0030435,0040075,0071175,0090005 4
42 0000005,0010005,0040045,0071985,0080015,0090025,0100775,0050015,0100295 7
43 0000005,0000015,0000035,0010005,0021325,0030575,0050005,0030755,0040045 7
44 0000005,0050015,0071985,0080015,0090005,0090025,0102305,0070565,0070915 7
45 0000005,0000025,0010005,0030575,0050005,0060470,0080025,0021325,0040025 7
46 0000005,0000015,0010005,0030575,0050005,0060310,0080025,0080015,0080045 7
47 0000005,0000015,0010005,0030575,0050005,0060310,0060325,0040035,0100295 7
48 0000005,0000015,0010005,0021325,0030575,0040035,0050005,0021245,0040105 7
49 0000005,0000015,0010005,0021245,0021365,0050005,0071105,0090025 8
50 0000005,0010005,0030515,0030575,0050005,0072025,0080025,0102495 8
51 0000005,0010005,0030575,0050005,0080025,0102495,0000015,0000105,0030515,0090025 6
52 0000005,0000015,0010005,0030575,0050005,0080025,0102495,0030405,0090025 7
53 0000005,0010005,0030575,0050005,0080025,0000015,0000025,0030405,0080015,0102295,0102495 5
54 0000005,0000025,0010005,0030575,0050005,0080015,0080025,0102295 8
55 0000005,0010005,0021265,0030675,0050005,0071105,0080025,0080015,0090025 7
56 0000005,0010005,0021265,0030675,0050005,0071105,0080015,0080025 8
57 0000005,0000015,0010005,0050005,0070215,0071105,0090025,0100575 8
58 0000005,0000015,0010005,0050005,0071105,0100575,0000035,0060325,0070215,0090025,0100325 6
59 0000005,0000015,0010005,0050005,0060325,0071105,0100575,0080025,0100325 7
60 0000005,0000015,0010005,0021245,0050005,0071105,0090025,0100305 8
61 0000005,0000015,0010005,0021245,0050005,0071105,0090025,0040035,0080025 7
62 0000005,0010005,0030495,0040045,0040065,0060465,0090025,0050005,0102110 7
63 0000005,0010005,0030675,0050005,0071105,0090025,0100295,0072015,0080025 7
64 0000005,0010005,0030675,0050005,0071105,0021325,0030745,0040015,0040025,0080025,0090025 5
65 0000005,0010005,0030745,0040045,0060465,0080015,0090025,0030455,0080025 7
66 0000005,0010005,0060465,0090025,0021315,0040045,0050005,0080015,0100685,0102115 4
67 0000005,0010005,0040045,0060465,0090025,0100685,0021285,0021315,0071335,0100665,0102115 6
68 0000005,0010005,0040045,0060465,0090025,0021285,0040065,0071335,0080040,0100685 5
69 0000005,0010005,0040075,0090005,0090025,0060035,0071985,0080015,0080025,0080045,0102315 5
70 0000005,0010005,0040075,0071985,0090005,0090025,0050015,0060035,0080015,0100295,0102315 6
71 0000005,0010005,0040075,0050015,0071985,0090005,0090025,0040055,0100295 7
72 0000005,0010005,0040055,0040075,0050015,0071985,0090005,0090025 8
73 0000005,0010005,0040025,0040045,0060465,0080015,0090025,0100765 8
74 0000005,0010005,0040025,0040045,0060465,0080015,0090025,0080025,0100765 7
75 0010005,0010020,0021295,0060070,0071475,0080025,0050015,0090025 6
76 0000005,0010005,0050015,0080015,0090005,0090025,0100295,0060015,0100245 7
77 0000005,0010005,0050015,0060015,0080015,0090005,0090025,0060005,0102115 7
78 0000005,0010005,0080015,0090005,0090025,0040075,0080025,0090015 5
79 0010005,0030450,0060075,0071475,0080015,0080025,0000040,0090015 6
80 0010005,0071475,0080025,0010090,0021365,0060070,0060075,0080010,0080015 3
81 0010005,0021365,0060070,0071475,0080025,0030615,0072155,0080010 5
82 0010005,0021295,0060070,0071475,0080025,0102055,0071755,0090025 6
83 0000505,0010005,0080025,0090005,0090015,0090025,0100595,0040015,0060205 7
84 0000505,0010005,0060015,0071165,0080025,0090005,0090025,0030745 7
85 0000505,0010005,0021175,0071165,0080025,0090005,0090025,0050005,0100865 7
86 0000505,0010005,0010095,0080025,0090025,0030595 5
87 0010005,0030765,0040115,0060135,0060205,0080025,0090025,0030645,0101035,0101235 7
88 0010005,0030405,0030765,0040115,0060135,0060205,0080025,0090025 8
89 0000505,0010005,0021315,0080025,0090005,0090025,0100595,0101795 8
90 0000505,0010005,0080025,0090005,0090025,0100595,0101795,0021245,0021315 7
91 0010005,0021225,0060135,0080025,0090025,0100895,0021185,0060080,0071805,0100875 6
92 0010005,0021185,0021225,0060135,0070370,0080025,0090025,0100895 8
93 0010005,0030765,0060135,0070935,0070965,0080025,0090025,0100045 8
94 0010005,0030765,0060135,0070965,0080025,0090025,0010025,0040015,0040025,0070935,0100045 6
95 0010005,0060135,0080025,0090025,0100895,0102345,0000015,0000130,0010045,0010675,0071840 6
96 0010005,0010675,0060135,0080025,0090025,0100895,0102345,0000065,0000130 7
97 0010005,0021225,0060135,0071805,0071860,0080025,0090025,0100895 8
98 0010005,0021165,0021325,0060425,0070765,0080025,0100595,0010015,0010645 7
99 0010005,0021325,0030610,0040085,0060070,0080025,0100595,0010105 7
100 0010005,0021325,0040085,0080025,0100595,0000040,0030515,0030560,0060070,0102265 5
101 0010005,0021325,0080025,0100595,0030540,0070765,0071515,0090005,0090025,0101105 4
102 0010005,0021325,0070765,0080025,0100595,0101105,0010405,0040115,0060315,0090005 6
103 0010005,0021325,0040115,0070765,0080025,0100595,0101105,0001190,0010405 7
104 0010005,0021325,0070765,0080025,0100595,0001190,0021165,0040115,0070480,0080035,0101105 5
105 0010005,0021165,0021325,0070765,0080025,0080035,0100595,0000015,0070480 7
106 0010005,0021325,0080025,0090025,0100595,0021345,0030645,0060405,0070805,0071095,0080010 5
107 0010005,0021325,0060405,0080025,0090025,0100595,0071560,0080010 6
108 0010005,0021325,0060205,0080025,0090025,0100595,0000195,0030440,0040045,0070040,0101355 6
109 0000105,0010005,0030735,0090025,0100595,0021295,0060255,0060325,0070010,0071120 5
110 0000105,0010005,0030735,0060255,0090025,0100595,0071120 6
111 0010005,0021325,0070690,0071095,0080025,0090025,0100595,0101405 8
112 0010005,0021325,0071095,0080025,0090025,0100595,0021345,0050015,0070690,0071145,0101405 6
113 0010005,0030735,0040015,0050015,0090025,0100595,0040035,0050025,0060185,0071735,0090015 6
114 0000105,0010005,0030735,0060325,0090025,0100595,0040075,0060345,0070010,0090015,0100525 6
115 0010005,0021295,0030725,0060185,0090025,0100595,0021285,0040060,0050005,0100575 6
116 0010005,0030735,0050015,0080025,0090025,0100595,0021305,0071515,0080010,0090005 6
117 0010005,0050015,0060120,0060185,0090025,0100595,0010015,0050025,0060175,0070970 6
118 0010005,0060120,0060185,0090025,0100595,0050015,0060175 5
119 0010005,0021295,0040025,0060185,0090025,0100455,0100495,0100595 8
120 0010005,0021295,0060185,0090025,0100455,0100595,0021325,0030765,0040025,0050005,0100115,0100495 6
121 0000005,0010005,0021305,0030415,0050005,0102315,0000075,0021335,0072005,0080025,0090025 6
122 0000005,0010005,0021305,0021335,0030415,0050005,0102315,0080025,0090025 7
123 0010005,0030735,0050015,0060120,0060185,0070970,0090025,0100595 8
124 0000005,0010005,0021305,0060355,0072325,0080015,0102315,0040075,0090025 7
125 0000005,0010005,0021305,0040075,0060355,0072325,0102315,0021385,0080015 7
126 0000005,0010005,0021305,0021385,0040075,0060355,0072325,0102315 8
127 0000005,0010005,0021305,0050005,0102315,0102485,0102495,0102515 8
128 0000005,0010005,0021305,0050005,0102315,0102515,0000015,0000040,0000045,0040115,0102485,0102495 6
129 0000005,0010005,0021305,0050005,0090025,0102315,0000015,0021245,0040065,0071305,0080025,0102435 6
130 0000005,0010005,0021305,0060355,0090025,0102315,0030405,0040015,0040045,0080015,0080025,0102485 6
131 0000005,0010005,0021335,0021355,0050005,0090025,0102315,0021345,0080025 7
132 0000005,0010005,0021335,0021345,0021355,0050005,0090025,0102315 8
133 0000005,0010005,0021305,0080015,0090005,0090025,0102315,0102395 8
134 0000005,0010005,0021305,0080015,0090005,0090025,0102315,0102395 8
135 0010005,0021305,0090005,0090025,0102315,0102395,0000005,0071245,0080015 6
136 0010005,0021305,0080015,0090025,0102315,0000005,0040065,0050005,0071425,0102345,0102395 5
137 0000005,0010005,0090025,0102315,0021245,0040035,0050005,0080015,0080025,0100185 4
138 0000005,0010005,0050005,0080025,0090025,0102315,0021245,0030725,0040035,0100595 6
139 0000005,0010005,0050005,0090025,0102315,0021335,0030725,0040025,0071255,0080025,0090015 5
140 0000005,0010005,0021335,0040025,0050005,0090025,0102315,0000015,0071255 7
141 0000005,0000015,0010005,0021265,0090025,0102315,0000065,0021155,0021225,0072105,0080025 6
142 0000005,0010005,0080015,0090005,0090025,0102315,0040105,0050005,0050025,0080025,0100295,0100955 6
143 0000005,0010005,0021265,0040025,0050005,0090025,0102315,0030745,0040045,0080025,0101235 7
144 0000005,0010005,0021265,0090025,0100765,0102315,0040065,0050015,0070845,0071985,0072045,0080015 6
145 0000005,0000015,0030635,0030645,0040035,0050005,0080025,0000025,0000035,0101375 7
146 0000005,0000015,0000035,0030635,0030645,0040035,0050005,0080025 8
147 0010005,0021265,0040025,0071225,0080015,0080025,0090025,0102315 8
148 0010005,0021265,0040025,0071225,0080015,0090025,0102315,0050005,0080025 7
149 0010005,0021265,0040025,0071225,0080015,0090025,0102315,0050005 7
150 0000005,0030635,0030725,0040035,0050005,0080025,0080045,0030735 7
151 0000005,0030635,0040035,0050005,0080025,0000025,0030725,0030735,0040105,0070425,0101710 5
152 0000005,0000025,0030635,0040035,0050005,0080025,0000015,0040105,0071225,0101710 6
153 0000005,0000015,0030635,0040035,0050005,0090025,0000025,0040085,0080025,0100295 6
154 0000005,0000015,0030635,0040035,0040085,0050005,0030745,0080025,0080045,0090025,0100295 6
155 0000005,0021275,0030635,0040035,0060415,0080025,0010040,0050015,0060450,0071485,0090025 6
156 0000005,0021275,0030635,0040035,0060415,0060450,0080025,0060465,0071485 7
157 0000005,0030635,0030725,0040035,0050005,0080025,0080035,0080045 8
158 0000005,0000015,0000025,0030635,0040035,0071195,0080025,0072035,0090015 7
159 0000005,0000015,0000025,0030635,0040035,0071195,0072035,0080025 8
160 0000005,0030635,0030765,0040035,0060165,0060415,0080025,0080040 8
161 0000005,0030635,0030765,0040035,0060165,0060415,0080025,0080040 8
162 0000005,0030635,0030765,0040035,0060415,0080025,0000315,0021315,0060165,0070540,0090025 6
163 0000005,0010075,0021195,0030635,0030705,0040055,0071875,0100295 8
164 0000005,0030635,0030675,0040035,0071195,0080015,0080025,0101025 8
165 0000005,0030635,0030675,0040035,0071195,0080015,0080025,0000015,0101025 7
166 0000005,0030635,0040035,0071195,0080025,0000015,0030755,0050005,0080015,0100075 5
167 0000005,0021195,0030635,0071875,0100295,0101545,0021255,0030645,0040075,0060065,0060375,0090005 6
168 0000005,0021195,0030635,0071875,0100295,0030645,0030705,0040075,0060065,0080015,0101545 5
169 0000005,0021195,0030635,0030705,0071875,0100295,0040055,0060035,0080015 6
170 0000005,0021315,0030635,0080015,0090025,0100245,0100295,0040045,0050015 7
171 0000005,0030635,0080015,0100295,0021315,0040045,0090025,0100245 4
172 0000005,0021225,0030635,0040065,0070855,0071875,0080015,0100295 8
173 0000005,0021225,0030635,0040065,0071875,0100295,0021285,0040025,0070855,0080015,0090025 6
174 0000005,0021225,0030635,0071875,0100295,0021285,0030705,0040065,0050015,0080015,0090025 5
175 0000005,0021225,0030635,0030705,0071875,0100295,0021165,0071195,0080015,0090025 6
176 0000005,0000015,0021245,0030635,0060015,0080015,0080025,0030615,0050015,0102070 7
177 0030635,0080015,0000005,0000015,0021245,0030615,0060015,0080025 2
178 0000005,0030635,0080015,0080025,0090005,0090025,0100245,0100295 8
179 0000005,0030635,0080015,0090005,0090025,0100245,0100295,0010005,0080025 7
180 0000005,0030635,0080015,0090025,0100245,0100295,0010005,0021325,0040065,0040115,0080025,0090005 6
181 0000005,0021245,0030635,0060015,0080015,0080025,0030485,0030595,0080040,0090025 6
182 0000005,0021245,0030635,0060015,0080015,0080025,0021205,0030525,0030575,0080040 6
183 0000005,0021245,0030635,0060015,0080015,0080025,0021205,0030475,0030575,0070005,0080045 6
184 0000005,0021245,0030635,0060015,0080015,0080025,0000015,0030475,0070005,0102335 6
185 0021245,0030635,0040045,0080015,0080025,0102395,0030585,0040025,0050025,0090025 6
186 0000005,0021245,0030635,0080015,0080025,0040045,0050015,0050025,0060015,0090005,0102395 5
187 0000005,0021245,0030635,0060015,0080015,0090005,0021235,0040045,0040095,0080025 6
188 0000005,0021245,0030635,0060015,0080015,0021235,0030435,0080025,0090005,0090025,0102105 5
189 0021245,0030635,0080015,0080025,0102495,0000005,0070015,0080045,0101375 5
190 0021245,0030635,0070015,0080015,0080025,0090025,0102495,0040015,0080045 7
191 0021245,0030635,0080015,0080025,0090025,0040015,0040075,0050005,0070015,0102395,0102495 5
192 0021245,0030635,0050005,0080015,0080025,0102395,0000005,0040025,0040075,0090025 6
193 0021245,0030635,0080015,0080025,0102395,0000005,0021385,0040045,0050005,0090015,0090025 5
194 0021245,0040025,0050005,0050015,0080015,0090025,0010005,0010015,0060015,0080025 6
195 0021245,0040025,0050005,0050015,0080015,0010005,0010015,0040015,0080025,0080045,0090025 5
196 0021245,0040015,0040025,0050005,0050015,0072335,0080015,0080025 8
197 0050005,0050015,0080015,0021245,0030725,0040025,0080025,0090015,0090025 3
198 0050005,0050015,0080015 3
199 0021245,0030635,0071205,0080015,0080025,0080045,0090025,0102495 8
200 0021245,0030635,0071205,0080015,0080025,0080045,0090025,0102495 8
201 0010005,0021245,0030635,0080015,0080025,0080045,0090025,0102495 8
202 0040025,0050005,0050015,0080015,0080025,0090025,0000005,0021165,0021225,0090015 6
203 0040025,0050005,0050015,0080015,0080025,0090025,0000005,0021375,0040105,0100065 6
204 0021375,0040025,0050005,0050015,0080015,0080025,0080045,0071705,0090025 7
205 0021375,0040025,0050005,0050015,0071705,0080015,0080025,0080045 8
206 0021245,0040025,0050005,0050015,0060015,0080015,0090025,0102115 8
207 0000005,0050005,0050015,0080015,0090025,0010005,0030685,0080025,0100595,0100635,0102305 5
208 0000005,0050005,0050015,0080015,0080025,0090025,0100635,0080045,0100595 7
209 0000005,0040045,0050005,0050015,0080015,0080025,0090025,0021255,0030575 7
210 0050005,0050015,0080015,0080025,0090025,0000005,0021225,0021255,0040025,0040045,0040055 5
211 0021255,0050005,0050015,0080015,0080025,0090025,0102305,0000005,0071325 7
212 0050005,0050015,0080015,0090025,0102305,0000005,0021255,0030445,0040045,0071095,0080025 5
213 0030445,0050005,0050015,0080015,0090025,0102305,0000005,0040045,0050025,0071095 6
214 0000005,0050005,0050015,0080015,0090025,0102305,0000015,0030445,0050025,0080025,0102495 6
215 0000005,0050005,0050015,0080015,0090025,0102305,0010005,0060020,0071985,0080025 6
216 0000105,0010005,0021315,0040035,0050005,0090005,0100295,0010015,0021305,0100065 7
217 0000105,0010005,0040035,0050005,0100295,0021305,0021315 5
218 0050005,0050015,0071245,0072175,0080015,0080025,0090025,0102305 8
219 0050005,0050015,0071245,0080015,0080025,0090025,0102305,0070735,0072175 7
220 0010005,0021315,0050005,0060310,0071395,0090005,0100295,0060125,0100245 7
221 0010005,0040035,0050005,0070945,0070965,0100045,0100295,0010050 7
222 0010005,0040035,0050005,0070965,0100295,0010015,0010025,0070945,0100055,0100065 5
223 0010005,0021325,0030755,0050005,0071395,0100295,0030765,0060120,0070425,0080025,0100245 6
224 0010005,0021325,0030755,0030765,0050005,0060120,0071395,0100295 8
225 0010005,0021315,0050005,0071395,0080025,0080045,0090025,0100295 8
226 0010005,0021315,0050005,0071395,0080025,0080045,0090025,0100295 8
227 0010005,0021315,0050005,0071395,0080025,0100295,0000015,0060175,0080045,0090025 6
228 0010005,0021315,0050005,0060310,0071395,0090025,0100295,0060345,0080025 7
229 0050005,0071915,0080015,0090025,0100295 5
230 0010005,0021325,0050005,0071055,0071235,0071395,0100105,0100295 8
231 0010005,0021325,0050005,0071055,0071395,0100105,0100295,0030765,0071235 7
232 0010005,0021325,0030775,0050005,0071395,0100105,0100295,0090025,0100120 7
233 0010005,0021325,0050005,0071395,0100295,0030755,0030775,0090005,0090025,0100105,0100245 5
234 0050005,0080015,0090025,0100295,0000005,0040065,0071915,0101235,0101525 4
235 0021165,0050005,0071915,0080015,0090025,0100295,0101235,0000005,0100860 7
236 0050005,0071915,0080015,0080025,0090025,0100295,0000005,0021245,0060195,0080045,0100305 6
237 0080015 1
238 0080015 1
239 0050005,0060445,0080015,0080025,0080045,0090005,0090025,0100295 8
240 0050005,0080015,0080025,0090005,0090025,0100295,0021165,0021245,0030485,0060445,0080045 6
241 0050005,0080015,0080025,0090005,0090025,0100295,0021165,0030485,0040095,0060015,0080045 6
242 0030585,0050005,0060015,0080015,0090005,0090025,0100295,0010005,0102515 7
243 0000005,0021305,0050015,0060305,0080015,0080025,0030645,0030745,0060165,0060475,0090025,0100265 6
244 0000005,0021175,0021305,0050015,0080015,0080025,0021165,0030485,0050005,0090025,0100855,0102055 6
245 0000005,0040055,0050015,0050025,0080015,0080025,0021175,0040035,0090005,0090015,0100295,0102305 6
246 0000005,0030745,0040085,0050015,0050025,0080015,0080025,0030735,0071375,0100295,0101985 7
247 0000005,0060035,0080015,0080025,0080035,0080045,0030725,0030765,0071435,0090025 6
248 0000005,0060035,0080015,0080025,0080045,0030415,0030765,0070015,0080035,0090025,0100935 5
249 0000005,0060035,0070015,0080015,0080025,0080045,0021235,0040065,0080035,0090025,0100935 6
250 0000005,0050005,0080015,0080025,0090025,0000015,0000025,0021375,0040075,0040115,0080045 5
251 0000005,0000015,0040075,0050005,0080015,0090025,0010005,0021325,0021375,0080025 6
252 0000005,0000015,0050005,0080015,0090025,0010005,0021325,0040025,0040075,0080025,0101740 5
253 0000005,0000015,0040025,0050005,0080015,0080025,0090025,0101005 8
254 0000005,0000015,0040025,0050005,0080015,0080025,0090025,0021245,0071895 7
255 0000005,0050005,0080015,0080025,0090025,0000015,0000025,0030415,0030575,0040035,0102305 5
256 0000005,0000025,0050005,0080015,0080025,0090025,0021265,0040105,0060425,0080045,0102295,0102315 6
257 0000005,0050005,0071065,0080015,0080025,0090025,0000015,0021205,0072045,0102295 6
258 0000005,0050005,0080015,0080025,0090025,0000015,0021205,0030575,0040035,0060015,0071065 5
259 0000005,0030575,0040035,0050005,0060015,0080015,0090025,0060470,0080025 7
260 0000005,0030575,0050005,0060015,0080015,0090025,0021245,0040035,0060470,0080025 6
261 0000005,0030575,0040035,0050005,0080015,0090015,0090025,0030755,0071245 7
262 0010005,0012535,0021205,0030435,0030705,0080015 6
263 0000005,0050005,0071855,0080015,0080025,0080045,0090025,0101405 8
264 0000005,0050005,0071855,0080015,0080025,0080045,0090025,0101405 8
265 0000005,0050005,0080015,0080025,0090025,0101405,0071595,0071855,0080040,0080045 6
266 0000005,0050005,0071595,0080015,0080025,0090025,0101405,0072535,0080045 7
267 0000005,0030435,0050005,0071065,0080015,0080025,0090025,0102295 8
268 0010005,0021185,0021205,0030435,0030705,0080015,0030635,0040015,0071175,0090005,0090025 6
269 0010005,0021205,0030435,0030705,0080015,0010415,0012535,0021185,0021325,0030635,0060205 5
270 0010005,0012535,0021205,0021325,0030435,0030705,0080015,0060145,0060205 7
271 0010005,0030435,0030705,0060335,0060405,0080015,0080025,0030425,0040065 7
272 0010005,0030435,0030705,0060405,0080015,0071095,0071175,0080025,0102505 5
273 0010005,0030435,0030705,0060405,0071095,0080015,0010135,0070265,0071105,0071175,0080025 6
274 0010005,0030705,0040035,0060205,0080015,0090015,0050025,0060345,0060365,0071705,0100160,0100245 6
275 0010005,0030705,0040035,0050015,0080015,0090015,0021360,0060175,0060185,0100525,0100565 6
276 0010005,0010035,0030705,0040035,0080015,0100045,0040025,0050015,0060115,0060185,0070365 6
277 0010005,0030705,0040035,0080015,0100045,0000015,0010035,0021295,0030765,0040020,0060185 5
278 0000005,0010005,0021265,0060425,0080015,0080025,0000015,0021275,0021375,0080040,0080045,0100065 6
279 0000005,0000045,0010005,0021265,0080015,0080025,0030715,0071895,0071915,0080040,0100735 6
280 0000005,0010005,0030745,0080015,0080025,0090025,0030635,0040065,0050015,0090005,0100245,0100955 6
281 0000005,0010005,0030745,0080015,0080025,0090025,0030585,0030755,0040045,0072085,0090005,0102165 6
282 0000005,0010005,0040105,0080015,0080025,0080035,0080045,0090005,0090025 7
283 0000005,0010005,0080015,0080025,0080045,0040105,0080035,0090005 5
284 0000005,0000015,0010005,0040035,0071255,0080015,0080025,0090025 8
285 0000005,0010005,0040035,0080015,0080025,0090025,0000015,0030755,0071255,0090015 6
286 0000005,0010005,0040035,0080015,0080025,0090025,0000015,0030575,0030755,0040105,0050005 6
287 0000005,0010005,0030575,0040035,0080015,0080025,0021325,0040105,0060470,0090025 6
288 0000015,0021185,0021195,0060125,0080015,0080025,0021175,0030575,0040065,0090025 6
289 0000015,0021175,0021185,0021195,0030585,0060125,0080015,0080025 8
290 0000005,0010005,0030765,0060445,0080015,0080025,0080035,0080045 8
291 0000005,0010005,0060445,0080015,0080025,0080035,0080045,0030415,0030765 7
292 0021195,0030705,0050005,0060125,0080015,0080025,0000005,0021165,0030695,0060085,0090025 6
293 0021195,0030705,0050005,0060125,0080015,0080025,0000005,0050015,0060065,0060085,0090005 6
294 0021195,0050015,0060125,0080015,0080025,0021185,0030705,0050005,0060065,0060165,0090025 5
295 0000005,0021185,0021195,0060125,0060165,0080015,0080025,0090025 8
296 0021185,0021195,0060125,0060165,0072025,0080015,0080025,0040065,0090025 7
297 0000005,0000015,0021195,0080015,0080025,0090025,0040025,0040105,0071045,0072145,0102305 6
298 0000005,0000015,0021195,0040025,0040105,0080015,0080025,0090025 8
299 0021195,0030705,0060065,0060125,0071125,0080015,0080025,0090025 8
300 0021195,0030705,0060065,0060125,0080015,0080025,0090025,0060035,0071125 7
301 0021195,0030705,0060125,0080015,0080025,0090025,0040045,0050005,0060035,0060065 6
302 0000005,0021195,0080015,0080025,0090005,0090025,0102315,0030745,0040115,0060205,0070615 7
303 0000005,0021195,0080015,0080025,0090025,0100295,0030715,0040045,0040065,0060125,0071395,0100245 6
304 0000005,0021245,0030765,0060425,0071635,0080015,0080025,0080045,0102185 7
305 0000005,0021245,0030765,0060425,0071635,0080015,0080025,0080045 8
306 0021195,0030415,0040065,0080015,0080025,0090005,0090025,0102315 8
307 0021195,0030415,0040065,0080015,0080025,0090005,0090025,0102315 8
308 0021195,0080015,0080025,0090005,0090025,0102315,0000005,0021335,0040065,0071235,0100295 6
309 0000005,0030765,0060425,0070425,0071065,0080015,0080025,0040025,0072435 7
310 0000005,0030765,0060425,0080015,0080025,0080045,0100335,0021205,0050005 7
311 0000005,0030765,0060425,0080015,0080025,0021205,0021245,0071745,0080045,0100335,0101275 5
312 0000005,0021245,0030765,0060425,0071745,0080015,0080025,0021375,0101275 7
313 0010005,0040015,0060425,0080015,0080025,0080035,0080045,0001150,0100565 7
314 0060425,0080015,0080025,0080045,0030765,0050015,0060140,0070425 4
315 0030765,0060425,0070425,0080015,0080025,0021325,0050015,0070435,0071065,0080045,0100065 5
316 0000005,0021195,0060065,0080015,0080025,0090005,0090025,0040045,0090015 7
317 0060425,0080015,0080025,0080035,0080045,0090025,0101950,0010005,0040065 7
318 0060425,0080015,0080025,0080035,0080045,0090025,0000005,0000015,0010005,0050025,0090015 6
319 0000005,0000025,0021245,0030575,0080015,0080025,0090025,0102305 8
320 0000005,0021195,0080015,0080025,0090005,0090025,0100295,0102315 8
321 0000005,0021195,0080015,0080025,0090005,0090025,0100295,0090015,0100245 7
322 0000005,0021195,0080015,0080025,0090005,0090025,0021165,0030755,0071115,0090015,0100295,0100875 6
323 0000005,0030575,0071485,0080015,0080025,0090025,0000015,0000025,0040035,0050005,0071195,0100185 6
324 0000005,0030575,0080015,0080025,0090025,0000015,0021245,0040035,0071485,0101955,0102340 5
325 0000005,0021245,0030575,0080015,0080025,0090025,0102340,0060315,0101955 7
326 0000005,0021245,0030575,0080015,0080025,0090025,0030450,0060315,0102305,0102340 6
327 0000005,0080015,0080025,0080045,0090025,0060045,0072115,0102495 5
328 0000005,0060045,0060275,0080015,0080025,0090025,0102495,0021375,0050015 7
329 0000005,0060045,0070015,0080015,0080025,0090025,0040045,0072335,0080045,0090015,0102185 6
330 0000005,0021225,0030755,0040025,0050005,0080015,0090025,0021325,0080025 7
331 0000005,0000015,0021225,0030755,0040025,0050005,0080015,0090025 8
332 0000005,0060140,0070425,0080015,0080025,0080045,0090025,0100065 8
333 0000005,0080015,0080025,0080045,0090025,0100065,0010005,0030735,0060140,0070425,0080035,0100605 6
334 0021225,0030575,0050005,0050015,0080015,0080025,0090025,0000005,0071105 7
335 0021225,0040025,0040045,0050005,0080015,0090025,0102305,0010005,0102475 7
336 0021225,0040025,0040045,0050005,0080015,0090025,0010005,0040065,0080025,0100295,0102305 6
337 0021225,0040025,0050005,0080015,0090025,0030635,0030755,0040045,0040065,0080025,0100295 5
338 0000325,0010005,0050005,0080015,0080025,0090025,0100295,0021205,0021330 7
339 0000325,0010005,0050005,0080015,0090025,0100295 6
340 0021225,0030695,0050005,0080015,0080025,0080035,0080045,0090025 8
341 0021225,0030695,0050005,0080015,0080025,0080035,0080045,0090025 8
342 0021225,0050005,0080015,0080025,0090025,0030695,0040095,0050015,0050025,0071095,0080045 5
343 0021225,0050005,0050015,0050025,0080015,0080025,0090025,0000005,0071095 7
344 0010005,0050005,0080015,0090025,0100295,0000005,0030675,0040065,0060225,0071185,0100245 5
345 0010005,0030675,0050005,0080015,0090025,0100295,0030485,0060065,0060225,0080025 6
346 0010005,0021325,0050005,0080015,0090025,0100295,0030485,0030675,0070965,0071435,0100055 6
347 0000005,0000015,0040035,0050005,0080025,0090025,0000025,0060095,0080015,0090015 6
348 0000005,0000015,0000025,0040035,0050005,0060095,0080025,0090025 8
349 0010005,0050005,0080015,0080025,0090025,0100065,0100245,0100295 8
350 0010005,0050005,0080015,0080025,0090025,0100245,0100295,0070560,0100065 7
351 0010005,0050005,0080015,0090025,0100245,0100295,0040045,0040065,0070560,0080025 6
352 0000005,0040035,0060425,0080025,0080045,0090025,0000335,0030725,0060435,0100065 6
353 0000005,0021375,0040035,0060425,0060435,0080025,0080045,0090025 8
354 0000005,0040035,0080025,0090025,0000015,0021245,0050005,0080045,0100375 4
355 0000005,0000015,0021245,0040035,0050005,0080025,0090025,0000045,0040015,0060355,0100375 7
356 0000005,0030575,0040035,0090015,0090025,0102165,0000015,0030415,0060015,0080025 6
357 0000005,0000015,0030575,0040035,0090015,0090025,0040105,0080015,0080025,0102165 6
358 0000005,0000015,0030575,0040035,0080025,0090015,0090025,0071015,0071065,0080015 7
359 0000005,0000015,0030575,0040035,0040115,0071015,0090015,0090025 8
360 0000005,0040035,0060425,0080025,0080045,0090015,0090025,0100065 8
361 0000005,0080015,0090005,0090025 4
362 0000005,0040035,0050005,0060055,0080025,0090015,0090025,0102305 8
363 0000005,0040035,0050005,0060055,0080025,0090015,0090025,0080015,0102305 7
364 0000005,0040035,0050005,0060055,0080025,0090015,0090025,0000015,0040075,0080015 7
365 0000005,0040035,0080025,0090015,0090025,0000015,0021265,0050005,0060055,0080040,0100735 5
366 0000005,0021265,0040035,0080025,0090015,0090025,0100735,0071755,0080040 7
367 0000005,0021265,0040035,0080025,0090015,0090025,0030765,0071755,0080045,0100735 6
368 0000005,0010005,0050015,0080015,0090005,0090025,0102305,0060105,0071085,0071845 7
369 0000005,0050015,0080015,0080025,0090005,0090025,0021235,0040095,0040105,0070645,0071025,0080045 6
370 0000005,0072225,0080015,0080025,0090005,0090025,0010005,0021295,0021375,0030755,0060445,0090015 6
371 0000005,0030745,0080015,0080025,0090005,0090025,0030755,0040075,0060295,0071175,0072085,0100265 6
372 0010005,0010075,0021265,0050005,0080025,0090025,0030560,0060395,0060475,0080010,0080045,0100045 6
373 0010005,0010075,0021265,0050005,0060475,0090025,0021340,0030535,0050020,0060115,0080010,0080025 6
374 0000005,0000015,0021265,0030745,0040025,0050005,0090025,0010005,0060355 7
375 0000005,0000015,0010005,0021265,0030745,0040025,0050005,0090025 8
376 0010005,0021265,0050005,0071035,0080025,0080045,0090025,0100065 8
377 0010005,0021265,0050005,0080025,0080045,0090025,0100065,0021275,0071035 7
378 0010005,0021265,0050005,0080025,0090025,0000005,0040025,0071265,0080015,0080045,0100065 5
379 0010005,0021265,0040025,0040045,0050005,0080025,0090025,0000005,0050015 7
380 0021265,0030745,0030755,0050005,0080025,0090025,0040065,0080015,0100065,0100245 6
381 0021265,0030745,0050005,0080025,0090025,0000015,0030755,0040025,0040065,0080045,0100065 5
382 0021265,0030745,0040025,0050005,0060475,0080025,0090025,0000005,0030525 7
383 0000005,0021265,0030745,0040025,0050005,0090025,0100485,0070955,0080015 7
384 0000005,0021255,0021265,0080015,0090025,0100765,0010005,0021235,0050015 6
385 0021265,0030745,0050005,0080025,0090025,0010035,0030755,0080035,0080045,0100245,0100295 5
386 0000005,0021265,0080025,0090025,0100715,0100765,0030705,0050005,0071075,0080015 6
387 0000005,0021265,0080025,0090025,0100765,0030735,0040065,0050015,0071075,0080040,0100715 5
388 0000005,0021265,0050015,0080025,0090025,0100765,0040025,0040065,0080040 6
389 0000005,0021255,0021265,0080015,0090025,0100715,0100765,0010005,0050005 7
390 0010005,0021265,0050005,0060125,0080025,0090025,0100765,0000005,0080015 7
391 0010005,0021265,0050005,0090025,0100765,0040045,0060125,0070370,0080015,0080025,0100775 5
392 0010005,0021265,0040045,0050005,0090025,0100765,0000020,0010485,0030595,0070370,0100775,0100820 6
393 0021265,0040045,0050005,0072015,0090025,0100765,0000005,0021225,0040065,0102305 6
394 0000005,0021225,0021265,0050005,0072015,0090025,0100765,0021245,0030585,0080015,0080025 7
