0 1510075,2070015,3450005,4370005,5500005,5690020,3480610,4610385,4632010,5482415,6601180 6
1 1510075,2070015,3450005,3480610,4370005,4570255,5500005,5690020 8
2 2070015,2982425,3450005,3541260,4370005,5500005,5970125,6290015 8
3 2070015,2982425,3450005,3541260,4370005,5500005,6290015,4341995,5970125 7
4 1240060,2070015,3450005,3541260,4370005,5500005,6290015,1512535,3270155 7
5 2070015,3450005,3541260,4370005,5500005,1240060,1512535,3000365,3190005,3491640,6290015 5
6 2070015,3190005,3450005,3541260,4370005,5500005,1220005,1300020,2740040,3000365,4950395 6
7 1540010,2070015,2640835,3450005,4860005,5500005,7100005,2880190,6850205 7
8 1540010,2070015,2640835,2880190,3450005,4860005,5500005,7100005 8
9 2070015,2590025,3450005,3720015,4370005,5500005,5530010,5690020 8
10 2070015,2590025,3450005,3720015,4370005,5500005,5530010,5690020 8
11 2070015,2590025,3450005,4370005,5500005,5690020,1520010,2630045,2630290,3720015,3740185 6
12 1540010,2070015,3450005,5410325,5500005,7100005,3470065,3700025,3990030,5200065,6800120 6
13 1540010,2070015,3450005,5500005,7100005,3160010,3990030,4062405,4860005,4890065,5410325 5
14 1540010,2070015,3160010,3450005,4860005,5500005,7100005,4350080,4890065 7
15 2070015,3450005,5170010,5500005,5681200,7100005,3730035,4041265,5200110,6262410,6582475 6
16 2070015,3450005,3740020,5170010,5500005,7100005,2641145,3140125,4340030,6310500,6810325 6
17 2880485,3200045,3450005,5160005,5500005,5720005,2020010,3700515,5980095,6032335 6
18 2880485,3200045,3450005,5160005,5500005,2020010,4000010,4641195,4700080,5720005,7190020 5
19 2880485,3200045,3450005,4000010,5160005,5500005,1480070,4052395,4270455,4700080,5440075,7190020 6
20 3200045,3240005,3450005,5160005,5500005,6570225,2931405,3520020,4040020,4140340,4942515 6
21 3200045,3240005,3450005,4040020,5160005,5500005,6570225,2621510,2931405 7
22 2880485,3200045,3450005,3700515,5160005,5500005,5720005,6340825 8
23 2030045,3200045,3450005,3490395,4841150,5500005,6580005,3760765,4871340 7
24 2030045,3200045,3450005,3490395,3760765,4841150,5500005,6580005 8
25 3200045,3450005,3720010,4260020,5160005,5500005,5730065,6570225 8
26 3200045,3450005,3720010,4260020,5160005,5500005,5730065,6570225 8
27 3200045,3450005,5160005,5500005,5730065,6570225,1590015,3700175,3720010,3801430,4900105 6
28 2030045,3200045,3450005,3520145,5500005,6580005,2900035,2941570,2951010,4330715,5430205 6
29 2030045,3200045,3450005,5500005,6580005,2951010,3490395,3520145,4381995,6531965,7150025 5
30 2030045,3200045,3450005,3490395,5500005,6580005,7150025,1800305,6531965 7
31 3200045,3450005,4852035,5500005,5660075,6580005,3260005,3501100,4021520,4350430 6
32 3200045,3450005,5500005,5660075,6580005,2430540,3201105,3260005,4852035,5140055,5150090 5
33 2430540,3200045,3450005,5500005,5660075,6580005,2570040,2961875,4850030,5140055,5150090,5980060 6
34 1530005,2130005,3450005,3770005,4610935,5670005,2890020,2890065,3182215,4402285 6
35 1530005,2130005,2890065,3440875,3450005,3770005,4610935,5670005 8
36 3200045,3450005,4021520,4852035,5500005,5660075,6012380,6580005 8
37 1530005,2130005,3450005,3770005,4910010,5670005,2970230,4350615,4860805,5710715,6581100 6
38 1530005,2130005,3450005,3770005,4350615,4910010,5670005,3221405,5710715 7
39 1530005,2130005,2970425,3182215,3450005,3770005,4610935,5670005 8
40 1530005,1560005,2130005,3450005,4050025,5670005,1820035,2600030,3510040,3820045,4900045,6550015 6
41 1530005,1560005,2130005,3450005,4050025,5670005,1820005,1870005,2390025,4850005,4910095,6000110 6
42 2130005,2400055,2440015,3450005,4630010,5670005,1290190,2670060,4000165,6241990 6
43 2130005,2400055,2440015,3450005,5670005,1290190,3012495,4040145,4320020,4630010,5110020 5
44 2130005,2400055,2440015,3450005,4320020,5670005,2420220,2470135,2650960,3012495,5110020,6600135 6
45 2130005,2440015,3450005,4610010,5140580,5670005,1540040,2950010,4050015,4890760,5680125 6
46 1540040,2130005,2440015,3450005,4610010,5140580,5670005,2340050,4050015 7
47 2130005,2400055,2440015,3450005,4000165,4630010,5670005,7370010 8
48 1010170,2440005,2641350,2700080,3450005,3990015,4080005,5670005 8
49 2130005,2440015,3450005,4280145,5140580,5670005,5740200,6580115 8
50 2130005,2440015,3450005,4280145,5140580,5670005,5740200,1570020,6580115 7
51 2130005,2440015,3450005,5140580,5670005,5740200,1570020,2410045,2701295,4280145,5171830 6
52 2440005,3450005,3990015,4080005,5130585,5670005,2430005,2952040,3460225,4020945,4110010,4891615 6
53 2440005,3450005,3990015,4080005,5670005,1010170,2430005,3460225,4840180,5130585,5472535 5
54 1010170,2440005,3450005,3990015,4080005,4840180,5670005,2400070,5472535 7
55 1010170,2440005,3450005,3990015,4080005,5670005,2400070,2641350,4270175,4840180 6
56 2440005,3450005,3570020,4080005,5240015,5670005,1251335,1301490,4620105,4912400 6
57 2440005,3450005,4080005,5240015,5670005,1251335,3522515,3570020,4270005,4550065,4880170 5
58 2440005,3450005,3522515,4080005,5240015,5670005,2700285,2870065,3591265,4130025,4270005,4880170 6
59 0980005,1010035,3450005,4080005,4830465,5670005,2150835,2340015,4042535,4560265,6580130 6
60 0980005,1010035,2340015,3450005,4080005,4830465,5670005,0970460,4042535 7
61 2440005,3450005,3570020,4080005,4620105,5240015,5670005,5921045 8
62 1550675,2971565,3450005,3540230,4080005,4830465,5670005,1750015,4410270 7
63 1550675,1750015,2971565,3450005,3540230,4080005,4830465,5670005 8
64 1010035,2961575,3450005,4080005,4292535,4830465,5670005,6300265 8
65 1010035,2961575,3450005,4080005,4292535,4830465,5670005,6300265 8
66 1010035,2961575,3450005,4080005,4830465,5670005,2142115,2640820,4882440,6230845,6300265 6
67 2971565,3450005,3820355,4080005,4830465,5670005,2160095,2951630,4660010,4960010,4970430 6
68 2971565,3450005,4080005,4830465,5670005,1550675,2160095,2350185,3820355,4581990,5150515 5
69 1550675,2971565,3450005,4080005,4830465,5150515,5670005,2910380,4581990 7
70 3231615,3770575,4000025,4020005,4060005,4650005,2962295,4600655,5130405,5451840 6
71 3231615,4000025,4020005,4060005,4650005,1750005,1900030,3770575,4600655,4940190,5132175 5
72 1750005,3231615,4000025,4020005,4060005,4650005,1510140,1900030,3710255,3820930,4600630,5132175 6
73 1830195,3231615,4000025,4020005,4060005,5140035,3530105,4050040,4080005,5960005,7110015 6
74 1830195,3231615,4000025,4020005,4060005,5140035,5960005,3770015,4080005 7
75 3231615,3770575,4000025,4020005,4060005,4650005,5130405,6311040 8
76 1760095,2700335,4000025,4020005,4060005,5120255,5520025,3150485,5440025 7
77 1760095,2700335,3150485,4000025,4020005,4060005,5120255,5520025 8
78 3231615,3490055,4000025,4020005,4060005,4620020,5140035,6550005 8
79 3231615,3490055,4000025,4020005,4060005,4620020,5140035,6550005 8
80 3231615,3490055,4000025,4020005,4060005,5140035,1560010,1800005,3190315,5520025,6550005 6
81 4000025,4020005,4060005,5120255,5180010,5520025,4340245,4402055,4870040,5541625,6300745 6
82 4000025,4020005,4060005,5120255,5520025,1760095,2600765,3180795,4870040,5170590,5180010 5
83 1760095,3180795,4000025,4020005,4060005,5120255,5520025,2600885,5170590 7
84 4000025,4020005,4060005,5150925,5410035,5520025,1830150,2430005,2920225,3460645 6
85 4000025,4020005,4060005,5410035,5520025,2420005,2430005,2450225,2990015,5150925,5160695 5
86 2990015,4000025,4020005,4060005,5410035,5520025,1030010,1512180,2080025,2450225,5160695,6550125 6
87 1610010,2090025,3260005,4000025,4060005,5130945,2160165,3570045,4552415,4821080,6551260 6
88 1610010,2090025,2160165,3260005,4000025,4060005,5130945,2620235,4821080 7
89 3460645,4000025,4020005,4060005,4910725,5150925,5410035,5520025 8
90 1560195,2090025,4000025,4060005,5130945,5141025,5240005,5720345,6030065 7
91 1560195,2090025,4000025,4060005,5130945,5141025,5240005,5720345 8
92 2090025,2130055,3260005,3782505,4000025,4060005,4530635,5130945 8
93 2090025,2130055,3260005,3782505,4000025,4060005,4530635,5130945 8
94 2090025,3260005,3782505,4000025,4060005,5130945,1570005,2040735,2130055,2160010,4150020 6
95 2090025,2660515,4000025,4060005,5130945,5240005,1530155,4090375,4270560,5660005,6840010 6
96 2090025,4000025,4060005,5130945,5240005,1560195,2490015,2660515,4090375,5950145,6540025 5
97 1560195,2090025,4000025,4060005,5130945,5240005,6540025,5480950,5950145 7
98 2130565,2720005,4000025,4060005,4540220,5130945,1870025,3150025,3311425,3990080,4040480,5421880 6
99 0940010,2720005,4000025,4060005,4540220,5130945,1550890,1851365,4382340,4860850,5690050 6
100 2720005,4000025,4060005,5130945,6000015,6610015,1281385,3812035,5141545,6220375 6
101 2720005,4000025,4060005,5130945,6610015,1281385,3260140,3840005,6000015,6550350,6940075 5
102 2720005,3840005,4000025,4060005,5130945,6610015,2970680,5120245,6000005,6550350,6590105,6940075 6
103 2770035,3730035,3810005,4060005,4320115,7120005,2200075,2680020,3580135,6570020 6
104 2200075,2770035,3730035,3810005,3860115,4060005,4320115,7120005 8
105 2720005,4000025,4060005,5130945,5141545,5480870,6000015,6610015 8
106 3730035,3810005,4060005,4320115,4630595,7120005,0740025,3250550,4530210,4560225,6220425 6
107 3730035,3810005,4060005,4320115,4530210,4630595,7120005,2741070,6220425 7
108 2680020,2770035,3730035,3810005,4060005,4320115,5511760,7120005 8
109 1810010,3730035,3810005,4060005,4870105,7120005,2640650,3770005,4860035,5971850 6
110 3730035,3810005,4060005,4870105,7120005,1270010,1810010,2360025,2640650,5130030,7170010 5
111 1270010,3730035,3810005,4060005,4870105,7120005,0980015,2360025,2970005,3510755,6580065,7170010 6
112 1800005,3730035,4060005,4140325,4580010,7120005,2350030,3490010,3590320,4440200,4631830 6
113 1800005,2350030,3730035,4060005,4140325,4580010,7120005,1840015,4440200 7
114 1810010,3730035,3810005,4060005,4860035,4870105,6272130,7120005 8
115 1540010,3730035,3750390,4060005,4580010,5950005,7120005,3760590,4851295 7
116 1540010,3730035,3750390,3760590,4060005,4580010,5950005,7120005 8
117 3020040,3730035,4060005,4110630,4140325,4370020,4580010,7120005 8
118 3020040,3730035,4060005,4110630,4140325,4370020,4580010,7120005 8
119 3730035,4060005,4110630,4140325,4580010,7120005,1840090,2600005,3420105,4370020,5120320 6
120 3730035,4060005,4580010,5950005,5990005,7120005,2100025,3200625,3210075,3740050,6271295 6
121 3730035,4060005,4580010,5950005,7120005,1540010,2100025,2880315,3740205,4890020,5990005 5
122 1540010,3730035,4060005,4580010,4890020,5950005,7120005,2932350,3740205 7
123 3780690,4060005,4320045,4610770,5190015,7120005,2130110,2590175,2660075,4370110,5120035,5140020 6
124 3780690,4060005,4320045,5190015,7120005,2310295,2660075,3860145,4610770,5120035 5
125 2310295,3742220,3780690,4060005,4320045,5190015,7120005,5461905 7
126 4060005,4320045,5190015,5401230,6530080,7120005,3820560,4391325,4692510,4820155,5430355 6
127 4060005,4320045,4600080,5190015,6530080,7120005,2142430,2362530,3820820,4660600,4860095 6
128 2590110,4060005,4320045,6010840,6320105,7120005,1880370,2612525,5750795 6
129 2590110,4060005,4320045,6010840,7120005,1880370,3530805,3540255,3730470,6221100,6320105 5
130 2590110,3540255,4060005,4320045,6010840,7120005,2190835,2410015,3530805,4331320,6221100 6
131 3491355,3820035,4060005,4320045,6010840,7120005,4032310,5171450,5192535,7131225 6
132 3820035,4060005,4320045,6010840,7120005,2600025,3240150,3491355,5171450,5192535,7111030 5
133 3240150,3820035,4060005,4320045,6010840,7120005,2092525,2600025,3162535,3451810,7111030 6
134 1540005,3540475,3770005,4280005,4330345,4900005,2400005,2850330,3212365,5970015 6
135 1540005,3540475,3770005,4280005,4330345,1570460,2111405,2890035,3212365,4900005,6210025 5
136 1540005,1570460,3540475,3770005,4280005,4330345,1880165,2450005,2671965,2890035,4430060,6210025 6
137 1540005,1570015,3770005,4280005,4330345,5100065,3180095,4030035,4300510,4340805,5540100 6
138 1540005,1570015,3770005,4280005,4300510,4330345,5100065,3201395,4340805 7
139 1540005,3540475,3770005,4280005,4330345,4591130,4900005,5970015 8
140 1540005,2460715,3270005,3460005,4280005,4330345,4920005,1570355,4110515 7
141 1540005,1570355,2460715,3270005,3460005,4280005,4330345,4920005 8
142 1540005,3770005,4150960,4250110,4280005,4330345,5100065,5970060 8
143 1540005,3770005,4150960,4250110,4280005,4330345,5100065,5970060 8
144 1540005,3770005,4150960,4280005,4330345,5100065,0940410,1721270,3152135,3712190,5970060 6
145 1540005,3460005,4280005,4330345,4920005,5230010,3820005,4110065,5432045,5540220,6570390 6
146 1540005,3460005,4280005,4330345,4920005,2330030,3270005,3820005,4580220,5230010,5950210 5
147 1540005,3270005,3460005,4280005,4330345,4920005,5950210,4352485,4580220 7
148 1540005,3470005,4280005,4330345,4920005,5230365,2360050,2852100,3232495,5270225 6
149 1540005,3470005,4280005,4330345,4920005,2360050,2400005,3270035,5230365,5730945,6540005 5
150 1540005,3270035,3470005,4280005,4330345,4920005,1030010,2150630,3810035,5120025,5730945,6540005 6
151 1540005,2680035,2700010,4280005,4600195,4620355,2050020,3580500,4312525,4900025,5440015 6
152 1540005,2680035,2700010,3580500,4280005,4600195,4620355,3810015,4900025 7
153 1540005,3470005,3760040,4280005,4330345,4920005,5230365,5270225 8
154 1540005,2350330,2680035,3800010,4280005,4610025,4620355,3410015,3700165 7
155 1540005,2350330,2680035,3410015,3800010,4280005,4610025,4620355 8
156 1540005,2680035,2700010,2920245,4280005,4340015,4620355,5150010 8
157 1540005,2680035,2700010,2920245,4280005,4340015,4620355,5150010 8
158 1540005,2680035,2700010,4280005,4620355,5150010,1602450,3252105,3530170,3870235,4340015 6
159 1540005,2680035,4280005,4610025,4620355,6850010,2040045,2350980,5540010,6021315,6270880 6
160 1540005,2680035,4280005,4610025,4620355,3210010,3800010,3820045,5421520,5540010,6850010 5
161 1540005,2680035,3210010,3800010,4280005,4610025,4620355,3760040,5421520 7
162 1540005,3260005,4280005,4620355,6250005,6270015,1500725,2700010,4302395,5950030 6
163 1540005,3260005,4280005,4620355,6250005,1500725,2661285,2910015,5150200,6270015,6840005 5
164 1540005,2661285,3260005,4280005,4620355,6250005,2030005,2340365,3250020,4031535,5150200,6840005 6
165 1540005,3010035,4280005,4620355,6250005,6830005,1501160,4860010,5410045,5690005,6500020 6
166 1540005,3010035,4280005,4620355,4860010,6250005,6830005,3240045,5410045 7
167 1540005,3260005,4280005,4620355,5950030,6250005,6270015,6491325 8
168 1540005,4280005,4620355,5730025,6250005,6830005,2910045,3210075,4350480,4850005,5160115,5170015 6
169 1030155,2630005,3260215,3800025,4280005,5960005,1270325,4620120,4690065,5140005,5420010,6830065 6
170 1030155,1890260,2630005,3800025,4280005,5960005,2160775,3012340,5982465,6220355,6220800 6
171 2630005,3220035,3800025,4280005,5150010,5960005,2891185,3481320,4830035,6530055 6
172 2630005,3220035,3800025,4280005,5960005,3261360,3481320,4660020,4921085,5150010,6280310 5
173 2630005,3220035,3800025,4280005,4921085,5960005,1280035,1290015,2680375,4660020,6280310,6571210 6
174 3720035,3800025,4011265,4031780,4280005,5960005,3431085,3521390,5250680,6080120,6590290 6
175 3720035,3800025,4011265,4031780,4280005,5960005,6080120,2612525,5250680 7
176 2630005,3220035,3800025,4280005,4830035,5150010,5750015,5960005 8
177 1000035,3720035,3800025,4280005,4590455,4840005,5960005,4902295,4921795 7
178 1000035,3720035,3800025,4280005,4590455,4840005,4902295,5960005 8
179 3720035,3800025,4011265,4280005,4610010,5500025,5530440,5960005 8
180 3720035,3800025,4011265,4280005,4610010,5500025,5530440,5960005 8
181 3720035,3800025,4011265,4280005,4610010,5960005,2750050,3280065,3752225,4540155,5530440 6
182 3720035,3800025,4280005,4590455,5402360,5960005,2440065,3840050,3841405,4842405,4980050 6
183 3720035,3800025,4280005,4590455,5960005,2390555,3840050,3990560,4040075,4840005,5402360 5
184 3720035,3800025,4040075,4280005,4590455,4840005,5960005,1260105,3990560 7
185 2150005,3230845,4280005,4970025,5432135,5960005,2952420,3860010,5001140,5990045 6
186 2150005,3230845,4280005,4970025,5960005,2700045,2740025,3412260,3860010,5432135,6570050 5
187 2150005,2700045,3230845,4280005,4970025,5960005,1260245,1540300,2740025,3590025,4611055,6570050 6
188 2150005,2670140,4280005,4921135,4970025,5960005,1550100,3440175,4652395,5650010,6020105 6
189 1550100,2150005,2670140,4280005,4921135,4970025,5960005,2871175,5650010 7
190 2150005,3230845,4280005,4970025,5400060,5432135,5960005,5990045 8
191 1520260,2360005,2420985,4280005,4970025,5421125,5960005,3440670,5750085 7
192 1520260,2360005,2420985,3440670,4280005,4970025,5421125,5960005 8
193 2150005,4020490,4280005,4340690,4921135,4970025,5960005,6320930 8
194 2150005,4020490,4280005,4340690,4921135,4970025,5960005,6320930 8
195 2150005,4020490,4280005,4921135,4970025,5960005,3780085,4080015,4330320,6320930,6880030 6
196 1520260,2360005,4280005,4970025,5960005,6560440,1261150,3420025,3720160,3770030,4930470 6
197 1520260,2360005,4280005,4970025,5960005,3140360,3530395,3720160,5421125,6560440,7120030 5
198 1520260,2360005,4280005,4970025,5421125,5960005,7120030,2390185,3530395 7
199 2170035,2360005,4280005,4970025,5410315,5960005,1590005,2600015,2980225,3471405 6
200 2170035,2360005,4280005,4970025,5960005,1540045,1590005,1871235,2981390,3780215,5410315 5
201 1871235,2170035,2360005,4280005,4970025,5960005,2120055,2981390,3010015,3550030,3780215,4590010 6
202 1250005,3200220,3750005,3771085,3810265,4010025,4350005,4342105,5182255 7
203 1250005,3200220,3750005,3771085,3810265,4010025,4342105,4350005 8
204 2170035,2360005,2980225,4280005,4970025,5410315,5712090,5960005 8
205 2170035,2360005,2980225,4280005,4970025,5410315,5712090,5960005 8
206 1250005,3750005,3810265,4010025,4350005,4870025,1821785,2370005,3480010,3710105,6230035 6
207 1250005,3750005,3810265,4010025,4350005,1821785,3771085,4420760,4610010,4870025,5110075 5
208 1250005,3750005,3771085,3810265,4010025,4350005,4420760,4591210,4610010 7
209 3750005,3810265,4010025,4350005,4830005,4930035,1820255,2060195,4622435,4870020 6
210 3750005,3810265,4010025,4350005,4830005,0940065,2060195,3430005,3681295,4670040,4930035 5
211 3430005,3750005,3810265,4010025,4350005,4830005,2380240,2601250,3681295,4670040,5280045,5710165 6
212 2060005,3270005,3750005,4010025,4350005,4610975,2860225,4042325,5211285,5550055,6550600 6
213 2060005,3270005,3750005,4010025,4350005,4610975,5211285,5501175,6550600 7
214 3750005,3810265,4010025,4350005,4622435,4830005,4930035,5140020 8
215 2720050,3551835,3750005,4010025,4060535,4350005,4610975,1822090,4390655 7
216 1822090,2720050,3551835,3750005,4010025,4060535,4350005,4610975 8
217 2080005,3270005,3750005,4010025,4350005,4610975,4690055,5732395 8
218 2080005,3270005,3750005,4010025,4350005,4610975,4690055,5732395 8
219 2080005,3270005,3750005,4010025,4350005,4610975,2150015,3502450,3782495,4300395,4690055 6
220 3750005,4010025,4060535,4350005,4581005,4610975,1000005,1480005,2620015,3180105,6370925 6
221 3750005,4010025,4060535,4350005,4610975,1000005,1522525,3551835,4031210,4581005,6580040 5
222 3551835,3750005,4010025,4031210,4060535,4350005,4610975,5670220,6580040 7
223 2980075,4010025,4350005,4570185,5431385,6810035,2150165,2440550,3241845,4272205 6
224 2980075,4010025,4350005,4570185,5431385,2440550,2710015,3000035,6300045,6580320,6810035 5
225 2710015,2980075,4010025,4350005,4570185,5431385,4560320,6290195,6300045,6580015,6580320,6850855 6
226 2130095,2980075,4010025,4350005,5431385,6610005,2910005,4970015,5480085,6600010,6810030 6
227 2130095,2980075,4010025,4350005,5431385,5480085,6610005,3540210,4970015 7
228 2980075,3541015,4010025,4272205,4350005,4570185,5431385,6810035 8
229 1530045,2910050,2970115,4010025,4350005,5431385,5990055,4840565,6580590 7
230 1530045,2910050,2970115,4010025,4350005,4840565,5431385,5990055 8
231 2980075,4010025,4350005,5431385,5981275,6290050,6610005,7170005 8
232 2980075,4010025,4350005,5431385,5981275,6290050,6610005,7170005 8
233 2980075,4010025,4350005,5431385,6290050,6610005,2631665,4350295,4561800,5981275,6860475 6
234 1530045,4010025,4350005,5431385,5990055,6230015,2100500,2400065,3280010,4050025,5102505 6
235 1530045,4010025,4350005,5431385,5990055,1830565,2400065,2910050,6230015,6281410,6840300 5
236 1530045,2910050,4010025,4350005,5431385,5990055,6281410,4830265,6840300 7
237 1600005,4010025,4350005,5431385,5990055,6540895,1910040,2080005,2160940,7110055 6
238 1600005,4010025,4350005,5431385,5990055,2080005,2390005,2410015,6250065,6540895,6552090 5
239 1600005,2390005,4010025,4350005,5431385,5990055,2461195,2700025,3530645,4850050,6250065,6552090 6
240 1810005,2880375,3751160,4270135,4310095,4350005,3832500,4431095,5660030,6540610 6
241 1770320,1810005,2880375,3751160,3832500,4270135,4310095,4350005 8
242 1600005,2160940,3170120,4010025,4350005,5431385,5990055,6540895 8
243 1810005,2880375,4270135,4310095,4350005,5430105,2450340,2971435,3560015,3730525,6560145 6
244 1810005,2450340,2880375,4270135,4310095,4350005,5430105,2080020,3560015 7
245 1810005,2880375,3751160,4270135,4310095,4350005,4860480,5660030 8
246 1810005,2880375,3791370,4270135,4350005,4531200,1270405,2731690,4671820,6090470 6
247 1810005,2880375,4270135,4350005,4531200,1270405,3200135,3740235,3791370,4671820,5720260 5
248 1810005,2880375,3200135,4270135,4350005,4531200,2012480,2660860,2690750,3260015,3740235,5720260 6
249 2200020,2650005,2880375,4270135,4350005,5150005,2731095,2990015,3750015,4052485 6
250 2650005,2880375,4270135,4350005,5150005,1520005,1750015,2200020,2990015,4020030,5470125 5
251 1520005,2650005,2880375,4270135,4350005,5150005,1820045,2910040,3200015,3210255,4020030,5470125 6
252 2880375,2960205,3501120,4270135,4350005,5150005,1760005,2351275,4610540,4870240,6250130 6
253 1760005,2880375,2960205,3501120,4270135,4350005,5150005,4851250,4870240 7
254 2200020,2650005,2880375,3560335,4052485,4270135,4350005,5150005 8
255 1550015,3270675,3280830,3300005,3480230,4270135,4350005,3600320 7
256 2880375,3501120,4270135,4350005,4571385,5150005,5960015,4120045,4600015 7
257 2880375,3501120,4270135,4350005,4571385,5150005,4110065,4120045,4890135,5960015,6270045 6
258 1550015,3270675,3300005,3790375,4270135,4350005,3510650,4890200,6220070,6260795,6261550 6
259 1550015,3270675,3300005,4270135,4350005,2900175,3480230,3710985,3790375,4890200,5172020 5
260 1550015,3270675,3300005,3480230,3710985,4270135,4350005,3232030,5172020 7
261 1550015,3300005,4270135,4350005,4380250,5110460,0970085,2701085,4890345,5400430 6
262 1550015,3300005,4270135,4350005,4380250,0970085,2110095,3280060,5110460,5211725,5960035 5
263 1550015,2110095,3300005,4270135,4350005,4380250,2660025,2672480,3280060,4870105,4900540,5960035 6
264 1860005,3300005,4270135,4310375,4350005,5110195,0920140,2672510,4140685,4400045,5840055 6
265 0920140,1860005,3300005,4270135,4310375,4350005,5110195,4881875,5840055 7
266 1550015,2701085,3300005,4270135,4350005,4380250,5110460,5690170 8
267 1860005,1900655,3300005,4270135,4350005,7120010,2951370,4940320,5690905 6
268 1860005,1900655,2951370,3300005,4270135,4350005,7120010 7
269 1860005,3300005,4270135,4350005,4392520,5110195,5660160,5770185 8
270 1860005,3300005,4270135,4350005,4392520,5110195,5660160,5770185 8
271 1860005,3300005,4270135,4350005,5110195,5660160,2950025,3580370,3870440,3971190,4392520 6
272 1860005,3300005,4270135,4350005,5172255,7120010,1732535,2922345,3772525,4032230,4601010,5701195 6
273 1270005,1540035,3530065,3740005,4020985,4600005,1850010,1900560,4832070,5420170 6
274 1270005,1540035,3740005,4020985,4600005,1900560,3221505,3460880,3530065,5250230,5491675 5
275 1270005,1540035,3460880,3740005,4020985,4600005,3700080,3750450,5140270,5250230,5491675,5790280 6
276 1270005,1540035,2470005,3740005,4360855,4600005,2111490,3810020,4090040,5140240,6830005 6
277 1270005,1540035,2111490,2470005,3740005,4360855,4600005,3800095,4090040 7
278 1270005,1540035,3530065,3740005,4020985,4600005,5420170,6280065 8
279 0950010,1270005,2440085,2690190,3740005,4600005,4840460,2930010,3860205 7
280 0950010,1270005,2440085,2690190,2930010,3740005,4600005,4840460 8
281 1270005,1540035,2460015,3740005,4360855,4600005,5680005,6510015 8
282 1270005,1540035,2460015,3740005,4360855,4600005,5680005,6510015 8
283 1270005,1540035,3740005,4360855,4600005,5680005,1840015,2100395,3260005,3450085,6510015 6
284 1270005,2440085,2690190,3740005,4600005,5420005,1310360,1580075,1771695,3512010,5170165 6
285 1270005,2440085,2690190,3740005,4600005,1000035,1771695,1771945,4840460,5420005,5741430 5
286 1270005,1771945,2440085,2690190,3740005,4600005,4840460,2880890,5741430 7
287 1270005,2440085,3502245,3740005,4600005,6100005,6570035,2930415,5520710 7
288 1270005,2440085,3740005,4600005,6570035,4330620,5380010,6100005,6220685 5
289 1270005,2440085,3740005,4330620,4600005,6570035,2110210,3000220,5131075,5380010,5991595 6
290 1850035,2080005,3740005,4270005,4600005,5510005,3211305,3760360,5451815,5980025 6
291 2080005,3740005,4270005,4600005,5510005,1520035,1560065,1850035,3211305,3710050,5700685 5
292 1520035,2080005,3740005,4270005,4600005,5510005,1560025,1560065,2200030,5171395,5660030,5700685 6
293 1230010,2080005,3740005,4600005,4930005,5510005,3500355,3750035,4550840,4560125,5100640 6
294 1230010,2080005,3740005,4550840,4600005,4930005,5510005,2881925,5100640 7
295 1850035,2080005,3740005,4270005,4600005,5451815,5510005,6062025 8
296 2380010,3430015,3740005,4600005,5510005,5690015,6290055,5462385,6860010 7
297 2380010,3430015,3740005,4600005,5462385,5510005,5690015,6290055 8
298 2080005,3150075,3740005,3770740,4600005,4930005,5090045,5510005 8
299 2080005,3150075,3740005,3770740,4600005,4930005,5090045,5510005 8
300 2080005,3150075,3740005,4600005,4930005,5510005,1490015,2882090,2902290,3530025,5090045 6
301 3740005,4600005,5430025,5510005,5690015,6290055,1571570,2731595,3200625,3790095,6610030 6
302 3740005,4600005,5510005,5690015,6290055,1490030,2380010,2960055,3200625,5261590,5430025 5
303 2380010,3740005,4600005,5261590,5510005,5690015,6290055,0660230,1490030 7
304 3740005,4600005,5510005,5550015,5690015,6581410,2910135,4620165,5130105,5150185 6
305 3740005,4600005,5510005,5690015,6581410,2110010,2910135,3150005,3580995,4951480,5550015 5
306 2110010,3740005,4600005,5510005,5690015,6581410,1600030,2890685,3150005,3431825,3580995,6810345 6
307 1770010,1810025,2600005,4600005,4840025,4910175,1860010,3530035,4040135,4310005 6
308 1520060,1770010,1810025,2600005,4040135,4600005,4840025,4910175 8
309 3740005,4600005,5130105,5510005,5550015,5690015,6581410,6601705 8
310 1770010,2600005,4600005,4840025,4910175,5800010,3731915,3760150,5440020,5780935,6820250 6
311 1770010,2600005,3760150,4600005,4840025,4910175,5800010,5680475,5780935 7
312 1770010,1810025,2600005,4310005,4600005,4840025,4910175,5390020 8
313 2600005,2941215,3550020,4600005,4840025,4910175,1600035,2440040,3780700,5970005 6
314 2600005,2941215,4600005,4840025,4910175,1600035,2121425,3490015,3550020,5690305,6230090 5
315 2600005,2941215,3490015,4600005,4840025,4910175,2650535,4300005,5431905,5690035,5690305,6230090 6
316 1800005,3440465,4150085,4600005,4840025,4910175,1770025,2890415,3290755,3980345,4890305 6
317 1770025,1800005,3440465,4150085,4600005,4840025,4910175,4581790,4890305 7
318 2600005,2941215,3221225,3550020,4600005,4840025,4910175,5970005 8
319 2360020,3030050,4020380,4150085,4600005,4840025,4910175,6002220,6302535 7
320 2360020,3030050,4020380,4150085,4600005,4840025,4910175,6002220 8
321 1800005,3570955,4060835,4150085,4600005,4840025,4910175,5680005 8
322 1800005,3570955,4060835,4150085,4600005,4840025,4910175,5680005 8
323 1800005,4150085,4600005,4840025,4910175,5680005,1520060,1850005,3570955,4621285,5210135 6
324 4020380,4150085,4600005,4840025,4910175,5100095,2001470,2440225,4090115,4960630,5930145 6
325 4020380,4150085,4600005,4840025,4910175,2630045,3030050,3540980,4090115,5100095,5770770 5
326 3030050,4020380,4150085,4600005,4840025,4910175,5770770,3492515,3540980 7
327 2160005,2430010,4600005,4840025,5730295,6560005,1821305,2920020,5430025,6240055 6
328 2160005,2430010,4600005,4840025,6560005,1551515,1821305,3521540,3810825,4040640,5730295 5
329 2160005,2430010,3810825,4600005,4840025,6560005,1530065,2130080,2732525,3521540,4040640,5190325 6
330 2160005,3280035,4080005,4600005,4840025,6560005,1310050,3230665,4042535,4300115,5710145 6
331 2160005,3230665,3280035,4080005,4600005,4840025,6560005,1550580,4300115 7
332 2160005,2430010,4600005,4630015,4840025,5730295,6240055,6560005 8
333 2630025,2941880,2990030,4070005,4600005,4840025,6560005,2960925,3810140 7
334 2630025,2941880,2960925,2990030,4070005,4600005,4840025,6560005 8
335 2160005,4000135,4080005,4410055,4600005,4840025,6000040,6560005 8
336 2160005,4000135,4080005,4410055,4600005,4840025,6000040,6560005 8
337 2160005,4080005,4410055,4600005,4840025,6560005,1272380,4000135,5150890,5162525,6290030 6
338 2630025,4070005,4581595,4600005,4840025,6560005,1540055,2200195,3820070,4070270,4550360 6
339 2630025,4070005,4600005,4840025,6560005,1540055,2990030,3720025,3820070,4581595,6070015 5
340 2630025,2990030,3720025,4070005,4600005,4840025,5481610,6560005 8
341 1830015,3990015,4070005,4600005,4840025,6560005,3492340,4540025,5390110,7140630 6
342 3990015,4070005,4600005,4840025,6560005,1490185,1830015,3492340,3511915,4032085,5261800 5
343 1490185,3990015,4070005,4600005,4840025,6560005,1770065,2930010,3510030,4032085,4300205,5261800 6
344 2690005,3510155,3760005,4620005,4840045,5390045,6260005,4061150,4071520 7
345 2690005,3510155,3760005,4061150,4620005,4840045,5390045,6260005 8
346 1830015,3990015,4070005,4600005,4840025,5140070,5390110,6560005 8
347 1830015,3990015,4070005,4600005,4840025,5140070,5390110,6560005 8
348 2690005,3760005,4620005,5390045,6260005,6821225,2200125,2370020,2940150,3521475,3551775 6
349 2690005,3760005,4620005,5390045,6260005,2200025,2200125,3510155,4570085,5410785,6821225 5
350 2690005,3760005,4620005,5390045,5450005,6540005,1020010,4580075,5430025,6260010 6
351 2690005,3760005,4620005,5390045,6540005,2720130,4062420,4580075,4610005,5411370,5450005 5
352 2690005,3760005,4620005,5390045,5411370,6540005,2200030,2350135,3010020,3560680,4062420,4610005 6
353 1850010,3760005,4610005,4620005,5130005,5390045,1530080,1530105,2410005,4000415,5660435 6
354 1530080,1850010,3760005,4610005,4620005,5130005,5390045,3500025,4000415 7
355 2690005,3530005,3760005,4620005,5390045,5430025,5450005,6540005 8
356 2420005,3760005,3800075,4620005,4921175,5130005,5390045,2941855,6062455 7
357 2420005,2941855,3760005,3800075,4620005,4921175,5130005,5390045 8
358 3760005,4320270,4360035,4610005,4620005,5130005,5390045,6580905 8
359 3760005,4320270,4360035,4610005,4620005,5130005,5390045,6580905 8
360 3760005,4320270,4610005,4620005,5130005,5390045,2470265,3840145,4360035,5220095,5751185 6
361 3760005,4620005,4690460,4921175,5130005,5390045,2100095,2140025,5221925,6260225,6581105 6
362 3760005,4620005,4921175,5130005,5390045,2100095,2420005,4430305,4690460,4940430,6810985 5
363 2420005,3760005,4620005,4921175,5130005,5390045,6810985,4372145,4940430 7
364 2130005,3720005,3780195,4080040,4620005,5390045,1630510,2450090,3010015,6600520 6
365 2130005,3720005,3780195,4620005,5390045,2450090,3521200,3812040,4080040,6901080,7180810 5
366 2130005,3521200,3720005,3780195,4620005,5390045,2430005,2710565,4550010,4550955,6901080,7180810 6
367 3220230,3720005,3780195,4620005,4900240,5390045,2420060,3000935,4022010,4561845,5201400 6
368 3000935,3220230,3720005,3780195,4620005,4900240,5390045,2170640,4561845 7
369 2130005,3010015,3720005,3780195,4080040,4620005,5390045,6280240 8
370 1520020,2630025,3780195,4290105,4581730,4620005,5390045,1290035,3800365 7
371 1290035,1520020,2630025,3780195,4290105,4581730,4620005,5390045 8
372 2410020,3250025,3720005,3780195,4620005,4852515,4900240,5390045 8
373 2410020,3250025,3720005,3780195,4620005,4852515,4900240,5390045 8
374 3250025,3720005,3780195,4620005,4900240,5390045,0951920,2331630,4090475,4852515,5200665 6
375 1910005,2630025,3780195,4290105,4620005,5390045,3740225,3991330,4522000,5150580,5642475 6
376 2630025,3780195,4290105,4620005,5390045,1520020,1910005,2970005,3740225,3991330,4862310 5
377 1520020,2410035,2630025,3780195,4290105,4620005,4862310,5390045 8
378 3780195,4290105,4571650,4620005,5390045,6560105,1920050,3280775,5751170,5820035 6
379 3780195,4290105,4620005,5390045,6560105,1920050,2700015,3030460,4571650,4831355,4851700 5
380 2700015,3780195,4290105,4620005,5390045,6560105,1520395,2170160,2931770,3850085,4831355,4851700 6
381 1260010,3782015,4280005,4620005,5400005,5421175,2682535,2710395,5680055,5760275 6
382 1260010,1920150,3782015,4280005,4620005,5400005,5421175,5680055 8
383 3780195,4270600,4290105,4571650,4620005,5390045,5751170,6560105 8
384 3782015,4280005,4620005,5400005,5421175,7100025,1830185,1850505,2100085,2350505,3820155 6
385 1850505,3782015,4280005,4620005,5400005,5421175,7100025,2430385,3820155 7
386 1260010,3782015,3991505,4280005,4620005,5400005,5421175,5760275 8
387 3782015,4280005,4620005,5160015,5400005,6060005,3250005,4300220,4320385,6530010 6
388 3782015,4280005,4620005,5400005,6060005,2330095,2940750,3250005,5140265,5160015,5950255 5
389 2330095,3782015,4280005,4620005,5400005,6060005,1020030,1830745,2390515,4050320,5140265,5950255 6
390 3190045,3782015,4370005,4620005,5190855,5400005,3531155,4882285,5160010,6000035,6340005 6
391 3190045,3782015,4370005,4620005,4882285,5190855,5400005,2430095,3531155 7
392 3782015,4280005,4300220,4620005,5160015,5400005,6060005,6850010 8
393 1230005,2390275,3782015,4370005,4580245,4620005,5400005,3181265,6530580 7
394 1230005,2390275,3181265,3782015,4370005,4580245,4620005,5400005 8
395 3190045,3430005,3782015,4370005,4620005,5192360,5400005,5450850 8
396 3190045,3430005,3782015,4370005,4620005,5192360,5400005,5450850 8
397 3190045,3782015,4370005,4620005,5400005,5450850,1520065,1550085,3502100,4622495,5192360 6
398 1790015,3782015,4370005,4580245,4620005,5400005,2361345,2371955,2701550,3000010,5410075 6
399 3782015,4370005,4580245,4620005,5400005,1230005,1790015,2371955,2980020,5410135,6860085 5
400 1230005,3782015,4370005,4580245,4620005,5400005,6860085,2411760,5410135 7
401 2920010,3800095,4620005,4860005,5400005,6820035,2412430,2702255,3530010,5230150 6
402 2920010,3800095,4620005,5400005,6820035,1500005,2280015,2702255,4020415,4860005,4860070 5
403 1500005,2920010,3800095,4620005,5400005,6820035,1550005,2890060,3170170,4020415,4860070,4932330 6
404 2970095,3800095,4620005,5131205,5400005,5420945,6820035,1832010,2471710 7
405 3800095,4620005,5400005,5420945,6820035,1491270,1832010,2970095,4700195,4842295,5131205 5
406 1491270,3800095,4620005,5400005,5420945,6820035,2422380,4062515,4700195 6
407 1491270,3800095,4062515,4620005,5400005,5420945,6820035 7
408 2920010,3530010,3800095,4620005,4860005,5400005,5522170,6820035 8
409 2920010,3530010,3800095,4620005,4860005,5400005,5522170,6820035 8
410 3810005,4000055,4620005,4960145,5400005,6820035,1010020,1240010,2910005,3440595,3450010 6
411 2410055,2910005,3810005,4000055,4620005,4960145,5400005,6820035 8
412 3530145,3800095,4620005,4850960,5131205,5400005,5420945,6820035 8
413 3530145,3800095,4620005,5131205,5400005,5420945,6820035,3590900,4850960 7
414 3280735,4000055,4620005,5400005,5960230,6080015,6820035,3490155,4391565 7
415 3280735,3490155,4000055,4620005,5400005,5960230,6080015,6820035 8
416 4000055,4620005,4960145,5370205,5400005,5980700,6820035,6890005 8
417 4000055,4620005,4960145,5370205,5400005,5980700,6820035,6890005 8
418 4000055,4620005,4960145,5370205,5400005,6820035,2160095,2661265,2901430,3701035,6890005 6
419 4000055,4620005,5400005,6080015,6560785,6820035,2480010,3210005,3270005,3740005,5210005 6
420 4000055,4620005,5400005,6080015,6820035,1880110,3270005,4032515,4290200,5960230,6560785 5
421 4000055,4032515,4620005,5400005,5960230,6080015,6820035,3751895,4290200 7
422 3440100,3470005,4920015,5140055,5680145,6830015,3220135,3782165,4901275,6590020 6
423 3440100,3470005,4920015,5140055,5680145,1510005,3420285,3782165,4661735,5451995,6830015 5
424 1510005,3440100,3470005,4920015,5140055,5680145,1820005,2140060,4101375,4661735,5451995,7420015 6
425 3470005,4141115,4920015,5140055,5500065,5680145,1510610,2650520,3480235,6520040,6850040 6
426 3470005,3480235,4141115,4920015,5140055,5500065,5680145,5172140,6850040 7
427 3440100,3470005,3502260,4920015,5140055,5680145,6590020,6830015 8
428 2090025,2630020,3470005,3560045,4920015,5140055,5780005,1240145,2120015 7
429 1240145,2090025,2630020,3470005,3560045,4920015,5140055,5780005 8
430 3440405,3470005,4141115,4920015,5140055,5680145,5760860,5961430 8
431 3440405,3470005,4141115,4920015,5140055,5680145,5760860,5961430 8
432 3470005,4141115,4920015,5140055,5680145,5961430,1220025,1841005,2102310,2380105,5760860 6
433 2090025,2931640,3470005,4920015,5140055,5780005,3580025,3851615,4600055,4861205,5162465 6
434 2090025,3470005,4920015,5140055,5780005,1532200,2630020,2931640,3730070,4600055,5500395 5
435 2090025,2630020,3470005,3730070,4920015,5140055,5780005,2641780,5500395 7
436 3470005,4140010,4280015,4920015,5140055,5780005,4250370,4350025,4930510,6591490 6
437 3470005,4140010,4920015,5140055,5780005,3761635,3790120,3800050,4280015,4350025,4620085 5
438 3470005,3800050,4140010,4920015,5140055,5780005,2390120,2620320,2702360,2880075,3761635,4620085 6
439 1540105,3470005,3790005,4630005,5140055,6590005,2610045,4022425,4590630,6290045,6580245 6
440 1540105,2610045,3470005,3790005,4630005,5140055,6590005,2900085,4590630 7
441 3470005,4140010,4280015,4380095,4920015,5140055,5780005,6591490 8
442 3470005,3560170,3790005,4881435,5140055,6590005,1640010,2001345,3170035,4060005 6
443 1640010,3170035,3470005,3560170,3790005,4881435,5140055,6590005 8
444 1540105,3470005,3790005,5140055,5140670,5420410,6590005,7130315 8
445 1540105,3470005,3790005,5140055,5140670,5420410,6590005,7130315 8
446 1540105,3470005,3790005,5140055,5420410,6590005,2380090,3000435,4311800,5150190,7130315 6
447 3470005,3790005,4842010,4881435,5140055,6590005,2180565,2400255,3542520,4341815,4592510 6
448 2400255,3470005,3790005,4842010,4881435,5140055,6590005,1552465,3542520 7
449 2001345,3470005,3560170,3790005,4881435,5140055,6590005,7140895 8
450 2160005,3470005,5140055,6000025,6590005,6830010,2760015,3020135,4150105,6900020 6
451 2160005,3470005,5140055,6590005,6830010,2760015,3802525,4890395,4950055,5980095,6000025 5
452 2160005,3470005,4950055,5140055,6590005,6830010,3560170,4340335,4890395,4891845,5980095,6040270 6
453 3470005,4000135,4331295,5140055,6590005,6830010,2962295,4291990,4680025,5190075,5432105 6
454 2962295,3470005,4000135,4331295,5140055,6590005,6830010,2080015,4291990 7
455 2160005,3020135,3470005,5140055,5960265,6000025,6590005,6830010 8
456 1540005,2110085,2910005,3260065,4050025,5100195,5140055,5700095 8
457 2990585,3470005,3860600,4331295,5140055,5150145,6590005,6830010 8
458 2990585,3470005,4331295,5140055,5150145,6590005,6830010,3860600 7
459 2400020,3470005,4331295,5140055,5150145,6590005,6830010,4100015,5690170 7
460 1540005,3260065,3450005,4050025,5100195,5140055,1620245,1811035,2430005,3850130,4361085,5960025 6
461 1540005,3260065,4050025,5100195,5140055,1620245,2110085,2430005,2950895,3450005,3530140 5
462 1540005,2110085,2950895,3260065,4050025,5100195,5140055,0970315,3530140 7
463 1540005,2110085,3260065,4050025,5100195,5140055,0970315,2910005,2950895,6230015 6
464 1540005,4050025,4870005,5100195,5140055,6230005,3820035,4360025,4362165,7150040 6
465 1540005,4050025,4870005,5100195,5140055,2411240,4040015,4362165,4570015,5961175,6230005 5
466 1540005,4040015,4050025,4870005,5100195,5140055,2991180,4570015,5690100,5950015,5961175,6550370 6
467 1540005,1580055,3470025,5100195,5140055,5461205,1531245,2600040,2950465,4660015,6230475 6
468 1540005,1580055,2950465,3470025,5100195,5140055,5461205,4010105,4660015 7
469 1540005,4050025,4641760,4870005,5100195,5140055,6230005,7150040 8
470 1540005,1790015,3460005,4890555,5100195,5140055,5461205,4310380,4602500 7
471 1540005,1790015,3460005,4310380,4890555,5100195,5140055,5461205 8
472 1540005,3470025,3770085,4572260,5100195,5140055,5461205,6250595 8
473 1540005,3470025,3770085,4572260,5100195,5140055,5461205,6250595 8
474 1540005,3470025,3770085,5100195,5140055,5461205,2310015,2320065,4331495,5710045,6250595 6
475 1540005,3800115,4890555,5100195,5140055,5461205,2680355,2910895,3000055,4060025,6550005 6
476 1540005,4890555,5100195,5140055,5461205,2910895,2980010,3460005,3510105,3800115,4382085 5
477 1540005,2980010,3460005,4890555,5100195,5140055,5461205,4290070,4382085 7
478 3310015,3770355,4590555,4620155,5100195,5140055,3010040,3450035,3760015,7420245 6
479 3310015,3770355,4620155,5100195,5140055,1250040,3010040,3200200,3511885,3520050,4590555 5
480 1250040,3310015,3770355,4620155,5100195,5140055,2081735,2960015,3160080,3200200,3511885,3570010 6
481 3310015,3460035,4620155,5100195,5140055,5960010,3030800,3430125,4540005,5101795,6010055 6
482 3310015,3430125,3460035,4620155,5100195,5140055,5960010,4840045,6010055 7
483 3310015,3450035,3770355,4590555,4620155,5100195,5140055,6021525 8
484 3310015,3462150,3500035,3710300,4641165,5100195,5140055,5180455,6591540 7
485 3310015,3462150,3500035,3710300,4641165,5100195,5140055,5180455 8
486 3310015,3820010,4620155,5100195,5140055,5180225,5960010,6321600 8
487 3310015,3820010,4620155,5100195,5140055,5180225,5960010,6321600 8
488 3310015,3820010,4620155,5100195,5140055,5960010,1550025,2690535,2930315,3830035,5180225 6
489 3310015,3462150,4382100,4641165,5100195,5140055,2390505,2400590,4420120,4861910,6071180 6
490 3310015,3462150,4641165,5100195,5140055,2390505,3710300,4310555,4382100,4382535,4870005 5
491 3310015,3462150,3710300,4641165,4870005,5100195,5140055,2430425,4310555 7
492 3310015,3990125,4070535,4641165,5100195,5140055,2480020,3040440,3261835,4710340,4880130,5410940 6
493 3310015,3520205,3990125,4641165,5100195,5140055,2110320,3562535,4011690,4631730,7170245 6
494 2090025,2710005,3231785,3740015,5420035,5490005,3492070,4632465,5170050,6060055 6
495 2090025,2710005,3740015,5420035,5490005,2970345,3200105,3231785,4632465,5120075,5452495 5
496 2090025,2710005,3200105,3740015,5420035,5490005,1860150,2490305,4580005,5120075,5432180,5452495 6
497 2710005,3700020,3740015,5420035,5490005,6560015,2450030,2970045,3200375,5250025,6910135 6
498 2450030,2710005,3700020,3740015,5420035,5490005,6560015,4570275,6910135 7
499 2090025,2710005,3231785,3740015,4370275,5420035,5490005,6060055 8
500 2150195,2670025,2710005,3740015,4860725,5420035,6600025,3800410,6580680 7
501 2150195,2670025,2710005,3740015,3800410,4860725,5420035,6600025 8
502 2710005,3740015,4330205,5420035,5490005,5540025,6560015,6890145 8
503 2710005,3740015,4330205,5420035,5490005,5540025,6560015,6890145 8
504 2710005,3740015,4330205,5420035,5490005,6560015,3770205,4551025,4590990,4870245,5540025 6
505 2150195,2710005,3020025,3740015,5420035,6600025,1320015,1510025,4281560,5100810,5180620 6
506 2150195,2710005,3740015,5420035,6600025,2670025,3020025,3820560,4281560,5790010,6280110 5
507 2150195,2670025,2710005,3740015,5420035,6280110,6600025,4932085,5790010 7
508 2710005,3740015,4090105,5420035,6240135,6600025,2760010,3860275,5542170,6830015 6
509 2710005,3740015,5420035,6240135,6600025,3190095,3231855,3551620,3860275,4090105,6010415 5
510 2710005,3231855,3740015,5420035,6240135,6600025,1890320,2760085,3190095,3541040,4271420,6010415 6
511 1250040,2710005,3440020,4080005,4880015,5420035,2620660,3461075,3781165,4890005,6620865 6
512 1250040,2710005,3440020,3461075,4080005,4880015,5420035,2931830,4890005 7
513 2710005,3740015,4090105,4880080,5420035,6240135,6600025,6830015 8
514 2470715,2710005,3690010,4080005,4560055,4880015,5420035,4021765,4690135 7
515 2470715,2710005,3690010,4021765,4080005,4560055,4880015,5420035 8
516 1250040,2710005,4000265,4080005,4400535,4880015,5420035,5700520 8
517 1250040,2710005,4000265,4080005,4400535,4880015,5420035,5700520 8
518 1250040,2710005,4000265,4080005,4880015,5420035,1820200,1830115,3190020,5460265,5700520 6
519 2710005,4080005,4560055,4610005,4880015,5420035,2622420,3540390,3772335,3850415,3851340 6
520 2710005,4080005,4560055,4880015,5420035,3180025,3690010,3772335,3820305,3842545,4610005 5
521 2710005,3690010,3820305,4080005,4560055,4880015,5420035,2722290,3842545 7
522 1530005,2710005,4080005,4370445,5420035,6850005,2380015,5480090,5640085,5712310 6
523 1530005,2710005,4080005,5420035,6850005,2380015,3502120,4370445,5431335,5732505,6020025 5
524 1530005,2710005,3502120,4080005,5420035,6850005,2651805,3450005,3720015,4851370,5732505,6020025 6
525 2710005,4080005,4660695,5420035,6850005,4550605,4590150,5181765,6660150 5
526 2710005,4080005,4550605,4660695,5420035,6850005,3780025,4030275,5181765,5700140 6
527 2710005,3780025,4080005,4550605,4660695,5420035,6850005,4581115,5700140 7
528 1530005,2710005,4080005,4370445,5420035,5640085,6850005,7100015 8
529 2040010,2910005,3140015,3500865,4300005,4660005,5420035,3471255,5170065 7
530 2710005,4080005,4660695,5420035,5420665,6660150,6850005,3190015,6590185 7
531 2910005,3150345,3500865,4300005,4660005,5420035,3171430,3461820,3730100,4620985,5730290 6
532 2910005,3500865,4300005,4660005,5420035,1550015,2040010,3150345,3171430,3460060,5970435 5
533 2040010,2910005,3460060,3500865,4300005,4660005,5420035,1260035,5970435 7
534 2910005,3500865,4100015,4300005,5420035,5540010,1430275,3710145,4430055,4932000 6
535 2910005,3500865,4300005,5420035,5540010,1560005,3552540,3850055,4100015,4430055,5170225 5
536 1560005,2910005,3500865,4300005,5420035,5540010,2890010,3770010,3850055,4850835,5170225,6240395 6
537 2660675,2910005,3780015,4300005,5090015,5420035,2690010,3120095,4350100,4890005,6260440 6
538 2660675,2690010,2910005,3780015,4300005,5090015,5420035,2900980,4890005 7
539 1780010,2910005,3500865,4100015,4300005,4932000,5420035,5540010 8
540 2910005,3540415,3580015,4300005,4360010,5090015,5420035,1210760,4122380 7
541 1210760,2910005,3540415,3580015,4300005,4360010,5090015,5420035 8
542 2660675,2910005,2962315,3780375,4300005,5090015,5420035,5520635 8
543 2660675,2910005,2962315,3780375,4300005,5090015,5420035,5520635 8
544 2660675,2910005,3780375,4300005,5090015,5420035,1490170,2990025,5120015,5140420,5520635 6
545 2910005,4300005,4360010,4380195,5090015,5420035,2951780,3721270,4260105,4550690,7170195 6
546 2910005,4300005,4360010,5090015,5420035,2630015,3540415,3721270,4380195,5650885,6310490 5
547 2910005,3540415,4300005,4360010,5090015,5420035,5650885,3760530,6310490 7
548 2370005,3750875,3800015,4300005,5420035,5970005,1900375,2120135,4690005,5790020 6
549 2370005,3800015,4300005,5420035,5970005,1801005,2120050,2120135,3260010,3750875,4600035 5
550 2370005,3260010,3800015,4300005,5420035,5970005,1852125,2120050,4390010,4600035,5442355,5670500 6
551 2370005,2960095,4300005,5420035,5970005,6240010,2090910,3180270,3260570,5380285,6312390 6
552 2370005,2960095,3180270,4300005,5420035,5970005,6240010,1540150,6312390 7
553 2370005,3731015,3750875,3800015,4300005,4690005,5420035,5970005 8
554 2920005,3510055,3730015,3781495,4300005,5420035,5970005,3750050,4570070 7
555 2920005,3510055,3730015,3750050,3781495,4300005,5420035,5970005 8
556 2370005,3280025,3480235,3530285,4300005,5420035,5970005,6240010 8
557 2370005,3280025,3480235,3530285,4300005,5420035,5970005,6240010 8
558 2370005,3530285,4300005,5420035,5970005,6240010,2430055,2900120,3220010,3280025,5151140 6
559 3730015,3781495,4300005,4350035,5420035,5970005,3860115,4091780,4110010,4600350,6300635 6
560 3730015,3781495,4300005,5420035,5970005,2380845,2920005,3860115,4101010,4350035,4670905 5
561 2920005,3730015,3781495,4101010,4300005,5420035,5970005,3271575,4670905 7
562 3781495,4300005,4581210,5391205,5420035,5970005,1210055,2731725,2980110,3802395 6
563 3781495,4300005,5391205,5420035,5970005,1210055,2692300,3201960,3410010,3450760,4581210 5
564 3450760,3781495,4300005,5391205,5420035,5970005,1470055,1780180,2691345,3000105,3201960,3410010 6
565 1830005,2140045,3530035,3751035,4090025,4310005,5420045,3790135,6810130 7
566 1830005,2140045,3530035,3751035,3790135,4090025,4310005,5420045 8
567 2980110,3781495,4300005,4541205,4581210,5391205,5420035,5970005 8
568 2980110,3781495,4300005,4541205,4581210,5391205,5420035,5970005 8
569 1830005,3751035,4090025,4310005,4881055,5420045,1530100,2630315,3770275,4660760,4911130 6
570 1830005,3751035,4090025,4310005,5420045,1530100,2360095,2680085,3182500,3530035,4881055 5
571 1830005,3182500,3530035,3751035,4090025,4310005,5420045,2090185,2360095 7
572 1830005,4090025,4310005,4900050,5420045,6240005,4810195,4880115,5070620,5670470 6
573 1830005,4090025,4310005,4900050,5420045,3000100,3770010,3781845,4810195,4830025,6240005 5
574 1830005,3781845,4090025,4310005,4900050,5420045,2290235,3471815,3750470,3770010,4612145,4830025 6
575 1830005,1890035,3800005,4310005,5110055,5420045,3030025,3580040,4370875,4620470,5380515 6
576 1830005,1890035,3030025,3800005,4310005,5110055,5420045,2970315,4370875 7
577 1830005,4090025,4310005,4900050,5420045,5670470,5721310,6240005 8
578 1830005,3501040,4050305,4310005,4950005,5110055,5420045,3800010,5461290 7
579 1830005,3501040,3800010,4050305,4310005,4950005,5110055,5420045 8
580 1830005,3770365,3800005,4310005,4620015,5110055,5150050,5420045 8
581 1830005,3770365,3800005,4310005,4620015,5110055,5150050,5420045 8
582 1830005,3800005,4310005,5110055,5150050,5420045,2870520,3590785,3770365,3820090,5651215 6
583 1830005,4310005,4880020,4950005,5110055,5420045,1580145,1610165,4240035,4540065,6340235 6
584 1830005,4310005,4950005,5110055,5420045,1610165,2950335,3501040,4880020,5450055,6260010 5
585 1830005,3501040,4310005,4950005,5110055,5420045,5450055,2150040,6260010 7
586 1620035,3490675,3530005,4310005,4630425,5420045,2412510,3260080,4270005,5180645 6
587 1620035,3490675,3530005,4310005,5420045,2040135,2360005,3021270,3160095,3260080,4630425 5
588 1620035,2360005,3490675,3530005,4310005,5420045,1800375,2040135,2090025,3160095,3720005,7080020 6
589 2110335,3490675,3530005,3820215,4310005,5420045,3001110,3550095,5400010,5481070,5670030 6
590 2110335,3490675,3530005,3820215,4310005,5400010,5420045,1520525,5481070 7
591 1620035,3490675,3530005,4270005,4310005,4630425,5120645,5420045 8
592 1910075,3270020,3490675,3792015,4310005,5170105,5420045,2630040,6272325 7
593 1910075,2630040,3270020,3490675,3792015,4310005,5170105,5420045 8
594 3490675,3530005,3820215,4100220,4310005,4830415,5420045,6270005 8
595 3490675,3530005,3820215,4100220,4310005,4830415,5420045,6270005 8
596 3490675,3530005,3820215,4310005,4830415,5420045,0970090,3450050,4360025,4541855,6270005 6
597 1910075,3450735,3490675,4310005,5170105,5420045,1530005,2100135,3290940,4070120,5950010 6
598 1910075,3490675,4310005,5170105,5420045,1530005,1820045,3270020,3450735,4832380,5140105 5
599 1910075,3270020,3490675,4310005,4832380,5170105,5420045,3850375,5140105 7
600 2170055,3490675,4100095,4310005,5170105,5420045,1770070,2300315,3280620,3750995 6
601 3490675,4100095,4310005,5170105,5420045,1500190,1530015,2170055,3241995,3280620,4940695 5
602 1530015,3490675,4100095,4310005,5170105,5420045,1550155,2390345,3241995,3472505,4940695,5400015 6
603 2140055,2470020,2680605,4880025,5420045,6830005,1530015,3210295,3760780,4610035 6
604 1020070,2140055,2470020,2680605,3210295,4880025,5420045,6830005 8
605 2170055,2340135,3490675,3750995,4100095,4310005,5170105,5420045 8
606 1880035,2140055,2680605,2740290,3830075,5420045,6250075,6830005 8
607 2140055,2470020,2680605,2891735,4541565,5420045,6780065,6830005 8
608 2140055,2470020,2680605,2891735,5420045,6780065,6830005,3560015,4541565 7
609 2140055,2470020,2680605,5420045,6830005,2482210,2932220,3760780,4880025,5451435,6780065 5
610 2140055,2680605,5090045,5420045,6250075,6830005,2730435,3252470,4410400,4571545,4680080,6280955 6
611 2140055,2680605,5420045,6250075,6830005,1591090,1880035,3252470,4410400,5090045,5940130 5
612 1880035,2140055,2680605,5420045,5940130,6250075,6830005,1300445,1591090 7
613 1880035,2140055,2680605,5420045,6250075,6830005,1300445,2740290,3840015,5940130 6
614 2140055,3450055,3570015,4890035,5420045,6830005,2330080,2980850,3780020,5741675 6
615 2140055,3450055,3570015,5420045,6830005,2980850,3221655,3520055,4890035,4900105,5700305 5
616 2140055,3450055,3520055,3570015,5420045,6830005,2952365,4400035,4601420,4651275,4900105,5700305 6
617 2140055,3210075,3450055,5220005,5420045,6830005,1260005,3970170,4701205,6110040,6320835 6
618 1260005,2140055,3210075,3450055,5220005,5420045,6830005,1030015,6110040 7
619 2140055,3450055,3570015,4601850,4890035,5420045,5741675,6830005 8
620 2442035,2630140,3470025,4050005,4341315,4400110,5420045,6830005 8
621 2140055,3450055,4720395,5150025,5220005,5420045,5800015,6830005 8
622 2140055,3450055,4720395,5220005,5420045,5800015,6830005,4711375,5150025 7
623 2140055,3450055,5220005,5420045,5800015,6830005,4650005,4711375,4720395,6051265,6590005 6
624 3470025,4050005,4400110,5420045,5722385,6830005,1570010,2202535,2940015,4381245,4882280,5171900 6
625 3470025,4050005,4400110,5420045,6830005,2202535,4341315,4381245,4550090,5722385,6050075 5
626 3470025,4050005,4341315,4400110,4550090,5420045,6830005,4860510,6050075 7
627 3470025,4050005,4341315,4400110,5420045,6830005,2630140,4550090,4600015,4860510 6
628 2370005,3470025,4050005,5420045,6030010,6830005,1771895,2402470,3760005,6340080,6591555,7080025 6
629 2300280,3470025,4050005,5420045,6030010,6830005,3200815,3420610,4900060,5722335,6542420 6
630 1540040,2650215,4050005,4090005,5420045,5452455,6830005,4580490,5710075 7
631 1570010,4050005,4090005,5420045,5701080,6800305,6830005,2460715,5160140 7
632 1570010,4050005,4090005,5420045,6800305,6830005,2460715,4940195,5701080 6
633 1570010,4050005,4090005,5420045,6830005,4300205,4550305,4940195,5460985,6800305 5
634 1570010,4050005,4090005,4550305,5420045,6830005,4300205,5460985 6
635 4050005,4090005,4270090,5420045,5452455,6830005,1850275,2181180,2411040,4320035,6231170 6
636 4050005,4090005,5420045,5452455,6830005,1850275,2070310,2650215,2690015,4270090,4590145 5
637 2650215,2690015,4050005,4090005,5420045,5452455,6830005,3510780,4590145 7
638 0660020,0960005,2360015,3210045,3720015,4290005,4910690,5970015 8
639 0960005,2360015,4290005,5970015,0660020,2120015,2672410,3720015,5112300,5660280 4
640 0960005,2120015,2360015,4290005,5660280,5970015,2672410,5112300 6
641 0960005,2120015,2360015,3171190,4290005,5970015,1491465,2140115,2590240,4571305,6022530 6
642 0960005,2360015,3720015,4290005,5970015,6820005,1260045,2050045,3291680,5410175,5940220 6
643 0960005,1260045,2360015,3720015,4290005,5970015,6820005,3751235,5410175 7
644 0660020,0960005,2360015,3210045,3720015,4290005,5700010,5970015 8
645 2160005,2360015,2390005,4290005,5450565,5970015,0980010,1020090,4690035,5700405 6
646 2160005,2360015,2390005,4290005,5970015,0980010,3152505,3180015,5370085,5450565,6790455 5
647 2160005,2360015,2390005,3180015,4290005,5970015,1841125,2110005,5370085,5500355,6790455,7420735 6
648 2360015,2390005,3191435,4290005,5700005,5970015,2990015,4140045,4340060,5110130,6000160 6
649 2360015,2390005,2990015,3191435,4290005,5700005,5970015,2070540,4340060 7
650 2160005,2360015,2390005,4290005,4662020,4690035,5450565,5970015 8
651 1550005,1810115,2340015,3550015,3770675,4290005,4610005,5970015 8
652 2360015,2390005,4081125,4100075,4290005,5111065,5700005,5970015 8
653 2360015,2390005,4081125,4100075,4290005,5700005,5970015,1560005,5111065 7
654 2360015,2390005,4100075,4290005,5700005,5970015,1560005,2400535,3170010,3201320,4081125 6
655 1550005,2340015,2630010,3550015,4290005,5970015,3160110,3260025,3461230,4270200,5430065,6230060 6
656 1550005,2340015,3550015,4290005,5970015,1810115,2630010,3160110,4580225,5430065,5700055 5
657 1550005,1810115,2340015,3550015,4290005,5700055,5970015,3250075,4580225 7
658 1550005,1810115,2340015,3550015,4290005,5970015,3250075,3802285,4610005,5700055 6
659 2340015,2430145,3550015,4290005,5450115,5970015,2970220,3190030,4670010,5442480 6
660 2340015,3550015,4290005,5450115,5970015,1030005,1500005,2430145,2970350,3470005,4670010 5
661 1500005,2340015,3550015,4290005,5450115,5970015,1280095,1500940,1830025,2970350,3470005,4880035 6
662 1510005,2120095,2940055,3550015,4290005,5970015,1840205,4030005,4870400,5440280,6560135 6
663 1510005,2120095,2940055,3550015,4030005,4290005,5970015,1540020,1840205 7
664 2340015,2430145,3550015,4050005,4290005,5442480,5450115,5970015 8
665 1570030,1800080,2940055,3550015,3791655,4290005,5970015,3752065,5150605 7
666 1570030,1800080,2940055,3550015,3752065,3791655,4290005,5970015 8
667 1510005,2940055,3550015,4290005,5970015,5990960,6280455,6490005 8
668 1510005,2940055,3550015,4290005,5970015,5990960,6280455,6490005 8
669 1510005,2940055,3550015,4290005,5970015,6280455,2110050,2130005,4070435,4661430,6490005 6
670 2620075,2940055,3550015,3791655,4290005,5970015,1820515,4320095,4540990,6240385,6531215 6
671 2940055,3550015,3791655,4290005,5970015,1570030,1820515,2620075,2681175,4072065,6002470 5
672 1570030,2940055,3550015,3791655,4072065,4290005,5970015,2980055,6002470 7
673 1030005,1520035,1880800,5160005,5740070,5970015,2970640,3232175,4950015,5460040 6
674 1030005,1520035,1880800,5160005,5970015,1622385,3220185,4950015,5740070,5950230,6032175 5
675 1030005,1520035,1880800,3220185,5160005,5970015,2720425,3551735,4392525,5360045,5950230,6032175 6
676 1030005,1520035,2090015,5160005,5470025,5970015,1840680,2910010,4560010,4902205,5391805 6
677 1030005,1520035,1840680,2090015,5160005,5470025,5970015,2670225,4902205 7
678 1030005,1520035,1880800,3522415,5160005,5460040,5740070,5970015 8
679 1520035,1870050,2130075,4140275,4890215,5160005,5970015,2150050,4561865 7
680 1520035,1870050,2130075,2150050,4140275,4890215,5160005,5970015 8
681 1030005,1520035,5151005,5160005,5470025,5970015,6801415,6810005 8
682 1030005,1520035,5151005,5160005,5470025,5970015,6801415,6810005 8
683 1030005,1520035,5160005,5470025,5970015,6810005,3490005,4040005,4270730,4950380,5151005 6
684 1520035,1870050,4140275,5160005,5970015,6310125,1010140,2960190,3180240,4000505,4350610 6
685 1520035,1870050,4140275,5160005,5970015,2170470,2960190,3450215,4890215,6030055,6310125 5
686 1520035,1870050,4140275,4890215,5160005,5970015,6030055,1762095,3450215 7
687 1520035,3720370,3760265,4140275,5160005,5970015,4030920,4412170,5391135,5810005 6
688 1520035,3760265,4140275,5160005,5970015,3180010,3720370,4030920,4680130,6271530,6840025 5
689 1520035,3180010,3760265,4140275,5160005,5970015,2641390,3232155,4341550,6100090,6271530,6840025 6
690 1020015,3180010,3510015,4620005,5160005,5970015,3201565,3540020,4950035,6262265,6340065 6
691 1020015,3180010,3510015,3540020,4620005,5160005,5970015,3600075,4950035 7
692 1520035,3720370,3760265,4140275,5160005,5810005,5970015,6561485 8
693 3510015,4050215,4130005,4350105,4620005,5160005,5970015,2672535,3552060 7
694 2672535,3510015,4050215,4130005,4350105,4620005,5160005,5970015 8
695 2920975,2940085,3180010,3510015,4620005,5160005,5970015,6330795 8
696 2920975,2940085,3180010,3510015,4620005,5160005,5970015,6330795 8
697 2940085,3180010,3510015,4620005,5160005,5970015,1910530,2162515,2710010,2750100,6330795 6
698 3510015,4130005,4372175,4620005,5160005,5970015,2140145,2310265,2410110,4830330,5662150 6
699 3510015,4130005,4620005,5160005,5970015,2140145,3231900,3270340,4350105,4372175,5121920 5
700 3510015,4130005,4350105,4620005,5121920,5160005,5970015,1490260,3270340 7
701 2630005,3510015,3870300,5130455,5160005,5970015,2690115,2960725,3270015,4540060 6
702 2630005,3510015,5130455,5160005,5970015,2160005,2960025,3270015,3870300,4561460,6040155 5
703 2630005,2960025,3510015,5130455,5160005,5970015,3000020,3140025,4070130,4320635,4561460,6040155 6
704 3510015,4630165,5130455,5160005,5970015,6560005,2710220,4052515,4091215,4330675,4860100 6
705 2710220,3510015,4630165,5130455,5160005,5970015,6560005,1500960,4091215 7
706 2630005,3510015,3870300,4260230,4540060,5130455,5160005,5970015 8
707 3510015,4850645,5130455,5160005,5970015,6560005,1320180,2970110,3840060,4070025,4380135,6002445 6
