0 0000005,0010005,0021365,0040025,0080025,0101295,0030655,0030705,0060220,0090025 1110110000 0010010000
1 0000005,0010005,0021365,0080025,0101295,0000595,0021315,0030705,0040025,0090015,0102110 11110000000 00100000000
2 0000005,0000595,0010005,0021365,0080025,0101295,0050005,0071525,0102055,0102110 1011110000 0001000000
3 0000005,0010005,0021365,0080025,0000595,0040055,0060075,0070755,0071525,0101295 1110000000 0010000000
4 0000005,0010005,0021365,0080025,0040075,0040080,0060365,0070755,0071720,0090020 1100000000 0000000000
5 0000005,0010005,0021365,0030730,0060365,0010015,0010055,0070685,0070795,0101265,0101340 11101000000 00001000000
6 0000005,0010005,0021245,0040025,0050005,0071105,0021285,0030485,0030725,0060035,0080025 11001100000 01001100000
7 0000005,0010005,0021245,0040025,0050005,0071105,0000015,0030485,0080025,0102270 1110110000 0110110000
8 0000005,0000015,0010005,0021245,0030445,0040025,0050005,0071105 11110111 01110111
9 0000005,0010005,0021365,0040025,0080025,0090025,0100855,0101295 11111101 00110001
10 0000005,0010005,0050005,0071105,0072085,0090025,0000015,0021335,0030675,0060325,0080025,0100385 111100000000 011000000000
11 0000005,0010005,0050005,0071105,0072085,0080025,0000015,0000035,0080045,0090025 1111100000 0110000000
12 0000005,0010005,0050005,0071105,0080025,0000035,0021245,0021275,0040025,0072085,0100045 11101000000 01100000000
13 0000005,0000025,0010005,0050005,0080025,0102305,0000015,0021285,0040025,0102315,0102385 10111100000 00101000000
14 0000005,0000025,0010005,0021285,0050005,0080025,0102305,0060405,0102315 111011100 001001000
15 0000005,0010005,0050005,0071105,0072085,0090005,0090025,0100385 11111011 01101011
16 0000005,0010005,0050005,0080025,0102305,0102495,0021275,0050025,0060020,0080045 1111100000 0100000000
17 0000005,0010005,0050005,0071485,0080015,0080025,0102305,0000015,0040025 111011100 010001100
18 0000005,0010005,0050005,0080025,0102305,0030725,0030735,0071485,0080015,0080045 1110100000 0100100000
19 0000005,0010005,0030725,0050005,0060435,0080025,0102305,0071855,0080045 111101100 011000100
20 0000005,0030745,0050015,0080015,0080025,0030755,0040075,0071705,0080045 110100000 100000000
21 0000005,0030745,0030755,0040075,0050015,0050025,0080015,0071705,0100255 111010100 101000000
22 0000005,0030745,0030755,0040075,0050015,0050025,0080015,0080025,0090025,0100255 1101101000 1000000000
23 0000005,0030745,0080015,0030755,0030765,0040075,0050015,0050025 11000000 10000000
24 0000005,0010005,0030405,0050005,0080025,0080045,0102305,0102495 11011111 01000100
25 0000005,0030745,0080015,0050015,0060090,0080025,0100055,0100235,0102305 100000000 100000000
26 0000005,0030745,0050015,0080015,0080025,0100055,0100235,0050005,0060090 111110100 101010100
27 0000005,0030745,0050015,0080015,0080025,0100235,0030755,0050005,0060170,0100055 1111100000 1010100000
28 0000005,0030745,0050015,0080015,0080025,0021315,0030765,0060170,0080045,0090025,0100235 11110000000 10100000000
29 0000005,0030745,0030765,0050015,0080015,0080025,0080045,0080035,0090025 110111100 100100100
30 0000005,0030745,0072015,0080015,0090025,0102305,0010005,0021245,0030415,0080025,0102395 11011100000 11000000000
31 0000005,0030745,0060020,0080015,0090025,0102305,0021285,0040075,0070625,0080025,0080045,0090005 110111000000 110010000000
32 0000005,0030745,0080015,0080025,0090025,0102305,0021195,0040085,0060065,0090005,0100945 11101100000 11001100000
33 0000005,0030745,0080015,0090025,0102305,0040045,0040085,0050015,0060065,0071955,0080025 11001000000 11001000000
34 0000005,0030745,0040045,0071955,0080015,0090025,0102305,0030575,0050015 110111100 110000100
35 0000005,0030745,0071955,0090025,0102305,0010005,0030575,0040045,0050005,0080015,0080025 11011000000 11001000000
36 0000005,0010005,0030745,0071955,0080025,0090025,0102305,0021295,0050005 111101100 101100100
37 0000005,0010005,0030745,0071955,0090025,0102305,0021295,0040045,0080015,0080025 1011110000 1011010000
38 0000005,0010005,0050015,0072045,0080015,0090025,0030745,0040045,0050005,0060425,0080025 11101100000 11100000000
39 0000005,0010005,0040045,0050015,0072045,0080015,0090025,0040025,0050005 110111100 110110000
40 0000005,0010005,0030745,0050015,0060165,0080015,0080025,0090025 11110111 11010011
41 0000005,0010005,0030745,0050015,0080015,0090025,0021315,0050005,0071965,0080025 1101110000 1101010000
42 0000005,0080015,0010005,0030745,0050005,0050015,0071965,0090025 10000000 10000000
43 0000005,0030745,0060015,0080015,0080025,0090025,0100945,0102305 11011111 11001101
44 0000005,0010005,0030405,0050015,0060190,0071105,0080015,0090025 11110111 10100100
45 0000005,0010005,0040045,0050015,0070935,0080015,0100045,0100055 11111101 10111001
46 0000005,0010005,0050015,0070935,0080015,0100055,0030765,0040045,0070975,0090015 1110110000 1010010000
47 0000005,0010005,0050015,0080015,0100055,0030765,0060125,0070935,0080025,0090025 1111000000 1010000000
48 0000005,0010005,0050015,0060115,0060125,0080015,0100055,0040045,0080025 111011100 101010000
49 0000005,0050015,0080015,0080025,0090025,0010005,0040055,0040065,0040075,0080045,0090005 11100000000 10000000000
50 0000005,0010005,0050015,0080015,0080025,0090025,0040065,0060325,0071115,0080045 1111010000 1100000000
51 0000005,0010005,0050015,0080015,0080025,0090025,0030405,0050025,0060245,0071115 1011110000 1000100000
52 0000005,0010005,0030405,0050015,0080015,0090025,0040065,0071105,0080025,0102450 1101110000 1000000000
53 0000005,0010005,0030635,0040055,0050015,0090025,0050025,0060055,0090005,0100555 1011110000 1000010000
54 0000005,0010005,0030635,0040055,0050015,0050025,0060055,0090025 11111111 10000011
55 0000005,0030415,0050015,0060015,0080015,0080025,0090005,0090025 11111111 11010111
56 0000005,0030415,0050015,0060015,0080015,0080025,0090005,0090025 10111011 10010011
57 0000005,0050015,0060015,0080015,0090005,0090025,0010005,0030415,0040095,0060025,0080025 11011100000 10001100000
58 0000005,0040055,0050015,0080015,0090005,0090025,0102305,0010005,0070555 111111000 110001000
59 0000005,0030635,0050015,0071795,0090025,0060195,0080015,0090005,0100135,0100755 1110100000 1010100000
60 0000005,0030635,0050015,0060195,0071795,0090025,0021265,0040075,0070955,0080015,0100755 11101100000 10101100000
61 0000005,0021265,0030635,0040075,0050015,0060195,0071795,0090025 11111111 10001011
62 0000005,0030635,0040055,0050015,0060055,0071865,0080015,0090025 11111111 10101001
63 0000005,0030635,0040055,0050015,0060055,0071865,0080015,0090025 11111111 10100001
64 0000005,0010005,0030635,0040055,0050015,0071865,0080015,0090025 10111111 10010101
65 0000005,0030635,0040055,0050015,0090025,0010005,0060080,0071865,0080015,0090005 1101100000 1000100000
66 0000005,0030635,0072265,0090005,0090025,0102305,0030575,0030605,0050015,0060035,0072405 11101100000 11001100000
67 0000005,0030575,0030635,0072265,0090025,0102305,0021245,0030605,0080015,0090005 1010110000 1010110000
68 0000005,0030575,0030635,0060370,0072265,0090025,0102305,0021205,0080015 111011100 101011100
69 0000005,0030635,0050015,0071795,0080015,0090005,0090025,0021305,0100285 111110100 101000100
70 0000005,0030635,0060020,0080015,0090025,0102305,0021385,0080025,0090005,0090015,0102425 11011100000 11001000000
71 0000005,0030635,0080015,0090025,0102305,0060020,0070585,0090005 11011000 11010000
72 0000005,0030635,0060090,0072265,0072405,0090005,0090025,0102305 11011111 11000111
73 0000005,0000015,0030535,0040025,0080025,0090025,0050005,0080015,0080040,0100055,0100475 11110100000 01010000000
74 0000005,0000015,0030535,0040025,0060175,0090025,0010005,0080025,0102245,0102305,0102495 11110100000 01110000000
75 0000005,0000015,0040025,0080025,0090025,0100715,0000035,0030745,0080040,0100585 1111100000 0010000000
76 0000005,0000015,0040025,0080025,0090025,0000025,0000035,0021165,0060035,0072145,0100715 11101000000 00100000000
77 0000005,0000015,0000025,0040025,0080025,0090025,0021245,0030455,0060025,0060035,0070315,0072145 110111000000 000110000000
78 0000005,0010005,0030675,0040025,0050005,0060325,0090025,0030725,0100295 111110100 010010000
79 0000005,0010005,0030575,0040025,0050005,0080025,0090025,0000025,0030725 111110100 010000000
80 0000005,0010005,0030575,0040025,0050005,0090025,0000025,0021245,0040105,0080025 1101110000 0100000000
81 0000005,0000025,0010005,0030575,0040025,0040105,0050005,0090025 11111111 00110100
82 0000005,0000015,0040025,0080025,0090025,0100585,0100605,0100715 11111111 00100011
83 0000005,0000015,0040025,0080025,0090025,0100585,0100605,0100715 11111111 00100001
84 0000005,0010005,0021325,0040025,0060445,0090025,0040115,0050015,0060205,0071305,0071370 11011100000 00001000000
85 0000005,0010005,0021325,0040025,0050015,0060125,0060445,0090025 11111011 00101010
86 0000005,0010005,0030675,0040025,0050005,0072135,0090025,0102135 11111111 01101101
87 0000005,0010005,0030675,0040025,0050005,0072135,0090025,0000015,0102135 111110100 011010000
88 0000005,0040035,0050005,0060095,0071285,0072115,0090025,0030705,0030735 111110100 011000100
89 0000005,0030705,0040035,0050005,0060095,0071285,0072115,0090025 11111111 00110001
90 0000005,0010005,0021365,0040025,0060445,0060455,0080025,0090025 11111111 00100100
91 0000005,0010005,0021365,0040025,0060445,0060455,0080025,0090025 11111111 00000100
92 0000005,0010005,0040025,0060445,0060455,0090025,0010080,0040055,0071345,0080025 1111010000 0000000000
93 0000005,0030755,0040035,0050005,0080025,0090015,0090025,0000015,0060425,0071265 1011011000 0010001000
94 0000005,0040035,0050005,0090015,0090025,0000015,0030755,0030765,0060095,0080025,0100335 11001000000 01001000000
95 0000005,0040035,0050005,0060095,0090015,0090025,0100335,0030735,0030765 111111000 011111000
96 0000005,0040035,0050005,0060095,0090015,0090025,0030735,0040015,0080015,0080025,0100335 11110100000 01110100000
97 0000005,0040035,0050005,0060095,0071285,0090025,0100745,0000015,0080025 111111000 011011000
98 0000005,0030575,0040035,0050005,0080025,0090025,0021245,0080015,0102125,0102305 1110110000 0100110000
99 0000005,0040035,0050005,0080025,0090025,0010015,0030575,0080015,0090015,0101235,0101490 10101000000 00001000000
100 0000005,0040035,0050005,0090015,0090025,0101490,0010015,0021340,0021375,0080025 1111100000 0101100000
101 0000005,0040035,0050005,0090015,0090025,0021340,0021375,0030755,0080025,0100065,0101490 11101000000 01001000000
102 0000005,0000015,0040035,0080025,0080045,0090025,0102495,0060275,0090005 101111100 000011000
103 0000005,0040035,0080025,0090025,0030575,0080045,0090005,0090015,0100175,0102495 1101000000 0001000000
104 0000005,0030575,0040035,0080025,0090005,0090025,0000025,0030655,0080015,0100175 1111010000 0001010000
105 0000005,0030575,0040035,0080025,0090025,0050005,0060080,0080015,0090005,0102125 1011100000 0001100000
106 0000005,0010005,0060455,0070845,0071955,0090025,0021335,0030475,0070780,0080025,0101355 11011100000 10011000000
107 0000005,0010005,0021335,0060455,0070580,0070845,0071955,0090025 11110111 10000110
108 0000005,0040035,0050015,0080025,0080045,0090025,0100065,0102495 11111111 00101111
109 0000005,0040035,0080025,0080045,0090025,0100065,0102495,0000015,0050015 111110100 000110100
110 0000005,0010005,0040045,0070845,0071955,0090025,0040015,0050005,0060400,0080025,0100255,0102445 100111000000 100010000000
111 0000005,0010005,0070845,0071955,0080015,0090025,0040045,0040065,0050015,0070425,0102285 11010100000 11010000000
112 0000005,0071955,0080015,0080025,0090025,0021275,0050015,0060425,0080045,0100295,0100755 11101000000 10000000000
113 0000005,0050015,0071955,0080015,0080025,0090025,0100295,0072085,0072255,0100755 1011110000 1000100000
114 0000005,0071955,0080015,0090025,0040045,0050015,0072085,0080025,0100295 110100000 100000000
115 0000005,0030575,0040015,0040045,0070845,0071955,0090025,0071695,0080015 101111100 100101000
116 0000005,0000015,0000035,0050005,0090025,0102305,0010005,0060405,0071840,0080025,0100410 11011100000 00011100000
117 0000005,0000015,0000035,0010005,0050005,0090025,0102305,0080025,0100410 111011100 001011100
118 0000005,0060425,0071955,0080015,0080025,0080035,0080045,0090025 11111011 11000010
119 0000005,0000015,0050005,0080025,0090025,0102305,0030765,0040025,0080015,0080045,0090015,0100175 111011000000 010011000000
120 0000005,0000015,0040075,0050005,0090025,0102305,0030745,0040115,0071515,0080025,0102285 11011100000 01011100000
121 0000005,0050005,0080025,0090025,0102305,0021245,0040025,0080015,0080045,0102270 1101100000 0000100000
122 0000005,0050005,0080015,0080025,0090025,0102305,0021245,0040025 11011100 00010100
123 0000005,0000015,0000035,0050005,0071925,0090025,0102285,0102305 11111111 00001111
124 0000005,0000015,0050005,0090025,0102285,0102305,0000025,0000035,0000055,0021305,0040035,0071925 111101000000 000101000000
125 0000005,0050005,0080025,0090025,0101235,0102285,0102305,0000015,0060170 110110100 010000100
126 0000005,0050005,0090025,0101235,0102305,0000015,0021205,0030745,0080025,0080045,0102285 11101000000 01001000000
127 0000005,0030745,0050005,0080025,0090025,0101235,0102305,0060390,0080045 101111100 001001100
128 0000005,0030745,0050005,0080025,0090025,0101235,0102305,0021305,0021325,0060390 1010111000 0010011000
129 0000005,0030725,0050005,0080025,0080045,0090025,0102305,0071195,0071485 101111100 000010100
130 0000005,0000025,0021245,0050005,0080025,0102305,0000015,0040045,0060405,0090015,0102345,0102515 110011000000 010010000000
131 0000005,0000025,0021245,0050005,0080025,0102305,0000015,0021235,0030415,0060095,0070770 11001100000 01001000000
132 0000005,0000025,0080025,0102305,0102425,0102495,0021295,0060095,0070225,0071585,0072275,0080015 111110000000 001000000000
133 0000005,0000025,0000035,0050025,0080025,0102305,0102425,0021235,0102315,0102345,0102365 11001110000 00001010000
134 0000005,0021375,0071725,0080025,0080045,0102305,0000015,0040015,0040075,0060365,0090025 11011100000 00001000000
135 0000005,0021375,0080025,0080045,0102305,0000015,0040055,0071115,0071725,0090025,0102355 10111000000 00010000000
136 0000005,0021375,0040055,0080025,0080045,0102305,0040105,0060275,0071530,0090025,0102355 11011100000 01001000000
137 0000005,0080025,0080045,0102305,0000275,0021375,0040055,0060275,0071530 110100000 000000000
138 0000005,0010005,0050005,0050015,0080015,0080025,0090025,0021305,0100285 111111000 110101000
139 0000005,0010005,0050005,0050015,0080015,0080025,0040025,0060095,0072115,0080045 0111100000 0101000000
140 0000005,0010005,0040025,0050005,0050015,0080015,0030575,0060055,0060095,0080025 1101110000 0100100000
141 0000005,0010005,0030575,0040025,0050005,0050015,0080015,0000025,0080025 110111100 010001000
142 0010005,0080015,0000005,0000025,0030575,0040025,0050005,0050015 10000000 10000000
143 0010005,0050005,0050015,0071725,0080015,0102305,0021195,0021325,0040055,0080025,0080045 11101100000 10000100000
144 0000005,0010005,0050005,0050015,0080015,0102305,0021275,0030415,0050025,0060020,0080025,0102385 011111000000 010000000000
145 0000005,0010005,0050005,0071915,0080015,0090025,0030745,0040065,0070205,0080025,0100295 11101100000 11100000000
146 0000005,0010005,0030675,0050005,0080015,0090025,0021245,0040065,0040105,0100385,0100475,0102125 110111000000 010100000000
147 0010005,0080015,0080025,0021335,0040085,0050005,0060445,0090025,0100295 000000000 000000000
148 0010005,0040085,0050005,0080015,0080025,0090025,0100295,0030465,0060445 111101100 101001000
149 0010005,0040085,0050005,0080015,0090025,0100295,0000005,0000015,0030465,0030695,0080025 10111100000 10101000000
150 0010005,0050005,0080015,0090025,0100295,0000005,0000015,0030755,0040085,0090005,0090015 11110000000 11010000000
151 0010005,0030755,0050005,0080015,0080025,0090005,0090025,0100295 11110111 11100111
152 0010005,0030755,0050005,0080015,0080025,0090025,0100295,0000015,0072325 111101100 101001100
153 0010005,0040085,0070935,0080025,0100055,0000015,0030765,0040070,0050005,0050015,0100030 10111000000 00101000000
154 0010005,0021335,0050015,0080015,0080025,0000045,0010095,0021305,0090025,0102030 1101100000 0100100000
155 0010005,0070935,0070965,0080025,0100045,0100055,0040105,0070955,0071025 110111000 000011000
156 0010005,0070935,0080025,0100045,0100055,0040035,0040105,0070945,0070965,0090025 1110100000 0000100000
157 0010005,0070935,0080025,0100045,0100055,0040085,0040095,0050015,0070945,0071085,0100030 10101000000 00001000000
158 0010005,0040085,0040095,0070935,0080025,0100030,0100055,0070395,0100045 110111100 000100100
159 0010005,0010055,0071095,0080025,0090025,0100055,0000035,0021195,0030725,0040055,0060145,0102475 110111000000 010000000000
160 0010005,0010055,0060475,0080025,0090025,0100055,0000065,0010210,0021325,0060230,0101975 11011100000 00000000000
161 0010005,0071025,0080025,0090025,0100055,0100835,0030735,0060145,0060165,0090015 1111100000 0001000000
162 0010005,0071025,0080025,0090025,0100055,0000185,0010715,0060025,0060145,0100605,0100835 10111000000 00010000000
163 0010005,0071025,0080025,0090025,0100055,0100605,0000630,0010715,0021295,0030705,0060025,0070475 111110000000 010100000000
164 0000005,0000015,0030675,0050005,0071955,0080025,0090025,0040065,0072135,0100485 1101110000 0101010000
165 0000005,0000015,0030675,0050005,0071955,0080025,0090025,0021265,0040065 110111000 010101000
166 0010005,0060165,0071025,0080025,0090025,0100055,0100395,0100835 11111101 01001001
167 0000005,0050005,0071955,0071965,0080025,0021305,0040105,0080040,0080045 111010000 010000000
168 0000005,0050005,0071955,0080025,0000015,0030775,0040025,0040105,0071965,0100305 1110000000 0100000000
169 0000005,0000015,0050005,0071955,0080025,0100305,0021295,0021335,0030415,0030685,0040025 11111000000 00101000000
170 0000005,0040115,0050005,0071955,0080015,0090025,0021305,0080025,0080045,0100285 1011010000 1010010000
171 0000005,0021305,0040115,0050005,0071955,0090025,0030745,0072125,0080015,0080025 1011110000 1001010000
172 0000005,0021305,0030745,0040115,0050005,0071955,0090025,0060325,0072125 110111100 100010100
173 0000005,0021305,0030745,0040115,0050005,0060325,0071955,0090025 11111111 10001001
174 0000005,0050005,0071955,0071965,0072025,0080025,0080045,0102495 11111111 01001010
175 0000005,0050005,0071955,0071965,0080025,0080045,0102495,0030735,0072025 111111000 010001000
176 0000005,0040065,0050005,0071955,0090025,0100295,0010005,0040045,0060305,0080015,0100165 10111000000 10100000000
177 0000005,0040045,0040065,0050005,0071955,0090025,0100295,0030585,0080015 101111100 101100000
178 0000005,0030585,0040045,0040065,0050005,0071955,0090025,0100295 11111111 10011000
179 0000005,0040115,0050005,0071955,0080025,0090005,0090025,0100285 11111111 11101111
180 0000005,0040115,0050005,0071955,0090005,0090025,0100285,0040075,0080025 111101100 111001100
181 0050005,0050015,0060045,0060055,0071955,0080025,0090025,0080015,0102305 110111100 000101000
182 0000005,0050005,0050015,0050025,0060055,0071955,0090025,0021315,0040065 111011100 000000000
183 0000005,0030745,0050005,0050015,0060055,0071955,0090025,0040045,0080025 101111100 100000000
184 0000005,0040065,0050005,0071955,0090025,0100235,0100295,0072205,0080025 111110100 101000100
185 0050005,0071955,0080015,0090025,0000005,0030575,0050015,0060195,0080025 110100000 000100000
186 0050005,0050015,0071955,0080025,0080045,0090025,0021205,0021275,0060425 111101000 010000000
187 0050005,0050015,0071955,0080015,0080025,0090025,0000005,0021225,0072375 111011000 010010000
188 0050005,0050015,0060055,0071955,0080025,0090025,0102435,0030415,0080045 111111000 001000000
189 0000005,0000015,0030575,0040045,0071955,0080015,0080025,0021325,0050005 101111100 000010100
190 0071955,0080015,0000005,0000015,0021325,0030575,0040045,0080025 10000000 10000000
191 0050005,0050015,0071955,0080015,0080025,0090025,0102495,0000015,0102285 111111000 000001000
192 0050005,0050015,0071955,0080015,0080025,0090025,0000005,0030635,0040055,0040075,0060195 10110100000 00000100000
193 0021245,0040025,0040045,0071205,0071955,0080015,0080025,0000005,0090025 101111100 001110100
194 0000005,0040045,0040075,0060025,0071955,0080015,0080025,0100285,0102305 110011100 100010100
195 0000005,0040045,0040075,0060025,0071955,0080015,0080025,0040055,0090025 110011100 100010100
196 0000005,0000025,0030575,0040045,0071955,0080015,0080025,0060045,0060470 101111100 001010100
197 0021375,0050015,0050025,0071955,0080015,0080025,0100065,0071805,0080045 110111100 000100000
198 0000005,0030675,0040025,0040045,0071205,0071955,0080015,0080025 00111111 00110101
199 0040045,0071205,0071955,0080015,0080025,0000005,0021245,0040025,0050015,0100945,0102305 10111000000 10101000000
200 0040055,0071005,0071955,0080015,0080025,0090015,0100065,0010025,0050015 011111100 001000100
201 0050015,0070855,0071955,0080015,0080025,0090025,0100065,0080045,0102175 101111100 101000000
202 0050015,0071955,0080015,0080025,0100065,0021375,0060420,0070005,0080035,0090025,0101395 01111000000 01000000000
203 0080015 1 1
204 0060090,0071955,0080015,0080025,0080045,0090015,0100065,0040105,0070320 011111100 010011100
205 0071955,0080015,0080025,0090015,0100065,0040105,0060090,0071005,0080040,0080045,0100045 11101000000 10001000000
206 0071005,0071955,0080015,0080025,0090015,0100045,0100065,0040075,0080040 111110100 110000100
207 0000005,0000015,0030455,0080015,0080025,0102315,0021255,0021285,0060405,0090015 1111100000 0010100000
208 0000005,0000015,0030455,0080015,0080025,0021285,0030445,0030575,0071925,0100965,0102315 11011000000 00001000000
209 0000005,0000015,0030455,0071925,0080015,0080025,0021315,0030575,0030585,0040025,0072185,0100965 111011000000 000001000000
210 0000005,0000015,0040025,0040035,0080015,0080025,0021225,0021265,0060070,0102305 1101110000 0101010000
211 0000005,0000015,0040035,0080015,0080025,0021225,0030575,0040025,0060055,0090005,0090025 11011000000 01001000000
212 0000005,0000015,0030575,0040035,0040065,0080015,0080025,0090025 11010110 01000010
213 0000005,0000015,0021225,0030575,0040035,0080015,0080025,0090025 11011111 01010010
214 0000005,0000015,0030455,0060070,0080015,0080025,0090015,0102315 11101111 00100101
215 0000005,0040045,0050015,0080015,0080025,0090025,0021305,0021315,0030685,0050025,0060475 10111100000 10001000000
216 0000005,0021305,0040045,0050015,0050025,0080015,0080025,0090025 10110111 10000010
217 0000005,0000015,0040025,0040035,0060020,0080015,0080025,0102305 11110111 01110010
218 0000005,0050015,0080015,0080025,0090025,0040065,0060325,0072045,0072085,0090005,0101965 10110000000 10010000000
219 0000005,0050015,0072045,0080015,0080025,0090005,0090025,0030625,0101965 111110100 100010100
220 0000005,0050015,0072045,0080015,0080025,0090025,0030625,0040055,0090005,0102305 1101110000 1000110000
221 0000005,0050015,0080015,0080025,0090005,0090025,0030745,0040055,0050005,0072045,0100285 10110100000 10010100000
222 0000005,0030745,0040105,0050005,0050015,0080015,0080025,0090025 10011111 10001011
223 0000005,0040095,0060035,0070015,0080015,0080025,0060025,0070005,0080045,0102335 1011110000 1011000000
224 0000005,0050015,0072085,0080015,0080025,0090025,0040065,0060475,0100235,0100285,0100755 11011100000 11001000000
225 0000005,0060035,0080015,0080025,0080045,0100115,0010005,0050015,0070965,0080035,0090005,0090025 111110000000 100010000000
226 0000005,0060035,0080015,0080025,0080045,0021195,0030695,0070015,0090025 101100000 100000000
227 0000005,0060035,0070015,0080015,0080025,0021195,0030695,0040095,0080045,0102305,0102335 11011000000 11000000000
228 0000005,0060405,0080015,0080025,0100585,0100635,0000015,0050005,0060435,0100605 1111010000 0000010000
229 0000005,0060405,0080015,0080025,0100635,0030765,0040105,0050025,0060435,0070535,0100585 10111000000 00001000000
230 0000005,0030765,0060405,0080015,0080025,0100635,0010035,0021325,0050025,0070535,0071615,0100535 101111000000 001001000000
231 0000005,0080015,0080025,0080045,0100635,0102495,0021375,0071215,0071805,0071915 1110100000 0000000000
232 0000005,0071805,0080015,0080025,0100635,0102495,0030445,0030625,0060445,0071915,0080045 10111100000 00000100000
233 0000005,0030445,0060445,0071805,0080015,0080025,0100635,0102495 11111111 00110001
234 0000005,0060405,0080015,0080025,0080045,0100585,0100605,0100635 11111111 00001001
235 0000005,0060405,0080015,0080025,0080045,0100585,0100605,0100635 11111111 00000001
236 0000005,0010005,0050005,0050015,0080015,0080025,0021225,0040025,0040055,0071265 1110100000 0100000000
237 0000005,0010005,0040025,0050005,0050015,0080015,0021245,0040105,0071265,0080025,0102305 11011100000 01001000000
238 0000005,0010005,0050005,0050015,0080015,0021185,0021245,0040025,0040105,0080025,0090025 01111000000 01010000000
239 0000005,0010005,0021185,0050005,0050015,0080015,0080025,0080045 11111110 11101000
240 0000005,0010005,0021185,0050005,0050015,0080015,0080025,0030705,0030765 110111000 110010000
241 0010005,0050005,0050015,0060425,0080015,0080025,0000005,0030625,0030725,0080045,0090025,0100155 111011000000 100000000000
242 0010005,0050005,0050015,0080015,0080025,0000005,0030645,0040035,0040055,0060425,0080045 11110000000 10000000000
243 0010005,0040035,0040055,0050005,0050015,0080015,0080025,0021205,0030645 101111100 101000100
244 0010005,0040055,0050005,0050015,0080015,0080025,0000005,0021205,0030475,0040035 1011110000 1000010000
245 0010005,0030745,0050005,0080015,0080025,0090025,0000005,0021245,0021265,0090005,0102145,0102155 111110000000 111010000000
246 0010005,0030745,0050005,0060310,0080015,0080025,0000005,0021325,0040065,0040075,0090025,0100235 111011000000 101001000000
247 0010005,0050005,0060445,0080015,0080025,0101355,0071785,0080035,0080045,0090015 1111100000 1100000000
248 0010005,0050005,0060445,0071785,0080015,0080025,0101355,0070015,0090015 111011100 110000000
249 0010005,0050005,0060445,0080015,0080025,0021315,0070015,0070855,0071785,0090025,0101355 11011000000 11000000000
250 0010005,0021315,0050005,0060445,0080015,0080025,0000005,0070415,0070855,0080045,0090025 10111100000 10110000000
251 0010005,0050015,0060445,0080015,0100055,0101085,0060235,0080025,0090015,0102100 1111100000 0110000000
252 0010005,0050015,0060445,0080015,0100055,0000105,0040115,0060235,0072175,0100585,0101085 10111000000 00100000000
253 0010005,0050015,0060445,0080015,0100055,0100585,0000145,0000225,0040115,0072175,0100445,0100505 111110000000 001000000000
254 0000005,0010005,0050005,0080015,0090025,0100055,0040105 0111110 0010110
255 0010005,0040105,0060445,0080015,0080025,0100055,0102095,0102105 10111111 00000011
256 0010005,0060445,0080015,0080025,0100055,0102105,0000115,0040025,0040045,0102095 1111100000 0000000000
257 0000115,0010005,0060445,0080015,0080025,0100055,0102105,0021375,0040025 011111100 000000000
258 0010005,0060445,0080015,0080025,0100055,0050015,0101085,0102460 10101000 00000000
259 0010005,0030765,0070965,0080015,0090025,0100055,0021325,0050015 10111100 00100100
260 0010005,0050005,0050015,0080015,0090015,0090025,0100055,0010075,0090005 111101100 001001100
261 0010005,0050005,0050015,0080015,0090025,0100055,0010075,0040035,0040085,0071215,0090015 11011100000 00001100000
262 0010005,0050005,0080015,0090025,0100055,0000005,0010015,0040035,0040105,0050015,0071215 10111000000 00011000000
263 0000005,0030415,0050005,0080015,0102305,0000015,0021375,0030405,0040055,0080025,0090025 01111000000 01000000000
264 0000005,0030405,0030415,0050005,0080015,0080025,0102305,0010005,0040055 101110100 101000000
265 0000005,0010005,0030405,0030415,0050005,0060020,0080015,0102305 11111011 11010000
266 0010005,0070965,0071080,0071095,0071300,0080015,0090025,0100055 11110111 00000001
267 0010005,0070965,0071080,0080015,0090025,0100055,0050005,0071095 11011100 00000100
268 0030415,0050005,0080015,0080025,0080045,0102305,0080035,0090025 11110100 00000000
269 0000005,0021345,0030415,0050005,0080015,0080025,0102305,0040045,0070595,0102525 0011111000 0000010000
270 0000005,0030415,0050005,0080015,0080025,0102305,0021345,0040045,0050015,0090025 0011110000 0000100000
271 0000005,0030415,0050005,0080015,0080025,0102305,0000025,0021375,0090025,0102405 1111010000 0100000000
272 0000005,0050005,0080015,0080025,0090025,0102305,0040075,0060180,0070025,0102355,0102515 11101100000 11001000000
273 0000005,0000015,0050005,0080015,0090025,0102305,0000035,0040030,0040075,0060280,0080025,0102425 101111000000 001010000000
274 0040065,0050005,0080015,0080025,0090025,0102305,0021355,0030415,0040045,0060400,0102355 11101100000 11000000000
275 0030415,0040065,0050005,0080015,0090025,0102305,0000005,0021285,0021345,0030405,0030425,0080025 011111000000 001000000000
276 0000005,0050005,0080015,0080025,0101235,0102305,0000015,0030450,0040025,0060035,0100475,0101525 111101000000 010101000000
277 0000005,0040025,0050005,0080015,0080025,0102305,0021245,0030445,0040105,0060170,0090025 10111100000 00001100000
278 0000005,0060325,0080015,0080025,0090025,0102305,0050015,0071095,0071165,0100515,0101975,0102145 101111000000 100101000000
279 0000005,0060195,0080015,0080025,0090025,0102305,0021285,0021305,0030585,0030745,0050015,0060055 101111000000 100111000000
280 0070855,0080015,0080025,0080045,0090025,0102305,0070365,0080035,0100065 111011000 100001000
281 0080015,0080025,0080045,0090025,0102305,0030765,0050015,0060425,0070855,0072225 1100100000 0000100000
282 0060425,0080015,0080025,0080045,0090025,0102305,0040035,0072225,0080035 011011000 000011000
283 0021275,0040035,0060425,0080015,0080025,0090025,0102305,0030705,0030725 011111100 000001100
284 0000005,0000015,0021245,0040025,0071155,0102305,0000035,0030450,0080025,0080040,0090015 11011100000 00010100000
285 0000005,0000015,0021245,0030450,0040025,0071155,0090015,0102305 11111101 00101001
286 0021205,0070855,0080015,0080025,0080045,0090025,0101405,0102305 11111111 10001001
287 0070855,0080015,0080025,0080045,0090025,0101405,0102305,0010005,0021205 111110100 000100100
288 0000005,0000015,0071155,0080025,0102305,0021325,0030445,0030765,0060425,0070395,0102285 11101000000 00101000000
289 0000005,0000015,0030445,0071155,0080025,0102285,0102305,0060035,0070395 111110100 001110100
290 0000005,0000015,0030445,0071155,0080025,0102305,0060035,0080015,0090015,0102285 1101110000 0001110000
291 0000005,0000015,0040025,0040105,0071155,0102305,0000025,0021325,0030445,0030585,0080025,0102285 111011000000 000001000000
292 0000005,0000015,0030745,0050005,0080025,0090025,0102305,0060095,0100235,0102285 1101101000 0101101000
293 0000005,0000015,0030745,0050005,0060095,0080025,0090025,0102305 11111111 01110101
294 0000005,0000015,0060425,0071155,0080025,0080040,0100605,0102305 11111111 00010111
295 0000005,0000015,0060425,0071155,0080025,0080040,0100605,0102305 11111111 00010101
296 0000005,0000015,0060425,0071155,0080025,0102305,0030655,0030765,0080040 110111000 000101000
297 0000005,0000015,0021245,0040015,0071085,0080025,0102305,0010005,0010015 111011100 011000100
298 0000005,0000015,0010005,0021245,0040015,0071085,0080025,0102305 11111111 01010001
299 0000005,0000015,0050005,0080025,0100175,0100235,0100285,0102305 11111111 01010111
300 0000005,0000015,0050005,0080025,0100175,0100235,0100285,0102305 11111111 01010011
301 0000005,0000015,0050005,0080025,0100175,0102305,0021315,0040025,0100045,0100115,0100285 11110100000 01010100000
302 0000005,0021195,0080015,0102305 1111 1111
303 0000005,0000015,0021315,0021325,0071085,0080025,0101265,0102305 11111111 01001011
304 0000005,0000015,0021315,0021325,0071085,0080025,0102305,0100065,0101265 111011100 010010100
305 0000005,0000015,0021315,0071085,0080025,0102305,0021245,0021325,0080045,0100065 1101110000 0101010000
306 0000005,0000015,0021245,0071085,0080025,0102305,0021315,0060455,0070995,0071595,0071715 11001100000 01000100000
307 0000005,0021195,0050015,0050025,0080015,0080025,0100295,0102305 11101011 10000011
308 0000005,0021195,0050015,0080015,0100295,0102305,0050025,0080025 11101100 10001100
309 0000005,0021170,0021195,0030705,0080015,0080025,0100845,0102305 11111111 11100111
310 0000005,0021195,0030705,0080015,0100845,0102305,0021165,0021170,0080025,0090025 1111010000 1100010000
311 0000005,0021195,0030705,0080015,0080025,0102305,0021165,0050015,0071155,0100845,0100885 11010100000 11000100000
312 0000005,0021195,0030705,0080015,0080025,0102305,0050015,0060035,0072115,0090025,0100885 11110100000 11100100000
313 0000005,0010005,0021195,0090025,0100295,0102005,0102305,0030575,0030585 101111100 100001100
314 0000005,0021195,0090025,0100295,0102305,0010005,0030575,0080015,0080025,0090005,0102005 11011000000 10001000000
315 0000005,0021195,0080015,0090025,0100295,0102305,0050015,0080025,0090005 110111000 100101000
316 0000005,0021195,0050015,0100235,0100295,0102305,0030755,0040065,0040105,0060155,0080025,0090025 111011000000 101011000000
317 0000005,0010005,0030745,0050005,0080015,0102305,0060125,0071865,0072075,0072435,0080025,0090025 110111000000 110101000000
318 0000005,0010005,0050005,0080015,0102305,0030745,0060125,0071865 11101000 11101000
319 0000005,0021195,0060075,0090025,0100295,0102005,0102285,0102305 11111111 10100011
320 0000005,0021195,0090025,0100295,0102005,0102285,0102305,0050015,0060075 111110100 100000100
321 0000005,0010005,0050005,0090025,0101235,0102305,0000015,0021195,0060305,0080025,0101770 11110100000 01100100000
322 0000005,0010005,0040025,0050005,0090025,0102305,0000015,0070165,0071275,0080025,0080045 11011100000 01011100000
323 0010005,0021205,0040035,0050005,0100535,0102305,0021295,0040085,0060075,0060165,0080025,0090015 111101000000 000101000000
324 0010005,0021205,0040035,0050005,0102305,0011060,0021295,0060075,0100535,0101790 1011100000 0001100000
325 0010005,0011060,0021205,0040035,0050005,0102305,0021195,0030705,0101790 101111000 001011000
326 0010005,0011060,0021195,0021205,0040035,0050005,0102305,0010045,0030705 110111100 010101100
327 0010005,0040035,0050005,0070965,0100065,0102305,0021235,0040015,0071275,0080025,0100055 11110100000 01100100000
328 0010005,0010035,0040035,0050005,0070965,0102305,0021220,0030765,0040025,0070935,0101470 10111100000 00111100000
329 0021245,0040025,0040045,0050005,0080015,0102305,0000005,0072125,0090025 011101000 011001000
330 0021245,0040025,0040045,0050005,0072125,0080015,0102305 1111111 1110011
331 0000005,0021325,0040025,0040045,0050005,0071475,0080025,0102305 11111111 01010011
332 0000005,0021325,0040025,0040045,0050005,0071475,0080025,0102305 11111111 00010011
333 0000005,0040025,0040045,0050005,0071475,0102305,0000015,0021265,0080025,0090025 1111010000 0010010000
334 0000005,0000015,0040025,0040045,0050005,0071475,0102305,0000035,0090025 101111100 000101100
335 0000005,0021195,0040025,0040045,0050005,0090025,0102305,0030575,0080015 111110100 110100100
336 0000005,0021195,0040025,0040045,0050005,0090025,0102305,0010005,0030575 101110100 100100100
337 0040045,0050005,0080015,0090025,0102305,0010005,0030575,0060095,0060425,0080025,0100295 11101000000 00001000000
338 0010005,0040045,0050005,0080015,0090025,0102305,0030635,0030705,0060425,0080025,0100205 01111100000 00001100000
339 0040045,0050005,0080015,0102305,0010005,0030705,0080025,0090025,0100205 110100000 000100000
340 0021245,0030725,0040025,0040045,0050005,0080015,0102305,0010005,0090015 101111100 001100100
341 0000005,0060020,0072265,0102305,0030405,0040075,0050015,0080015,0080045,0090025 0111000000 0000000000
342 0000005,0021385,0030405,0040075,0060020,0072265,0080015,0102305 10111111 10000000
343 0000005,0060020,0072265,0080015,0102305 11111 10010
344 0040045,0050005,0080015,0080025,0090025,0100235,0100295,0102305 11111111 00010111
345 0040045,0050005,0080015,0090025,0100235,0100295,0102305,0000005,0080025 111101100 000001100
346 0000005,0060020,0070245,0072265,0080025,0090025,0102305,0021285,0030415 011111100 001111000
347 0060020,0070245,0072265,0080025,0102305,0000005,0021285,0060155,0080035,0080045,0090025 11101000000 01100000000
348 0060020,0070245,0072265,0080025,0080045,0102305,0021375,0060155,0080035 111101000 011000000
349 0000005,0000025,0060020,0072265,0080045,0102305,0000015,0000035,0030415,0030435,0050005,0090025 101111000000 000010000000
350 0060020,0080025,0080045,0102305 1111 1000
351 0010005,0060020,0070245,0071395,0072265,0080015,0090025,0102305 11111111 10001010
352 0010005,0060020,0070245,0071395,0072265,0080015,0090025,0102305 11111111 00001010
353 0060020,0070245,0071395,0072265,0090025,0102305,0000005,0080015,0102515 110111000 000110000
354 0000005,0060020,0070245,0071395,0072265,0090025,0102305,0060095,0102515 011111100 000111000
355 0050005,0060020,0070245,0072265,0080025,0090025,0102305,0102475 11111110 10010000
356 0060020,0070245,0072265,0090025,0102305,0040035,0050005,0071415,0080015,0080025,0102395 10111000000 00100000000
357 0060020,0080025,0080035,0080045,0102305,0102395,0010070,0010085,0040065,0050015,0071355,0102415 111110000000 101100000000
358 0060020,0080025,0080035,0080045,0102305,0010070,0010085,0030415,0040045,0070155,0102395 11011000000 10010000000
359 0040045,0060020,0080025,0080035,0080045,0102305,0030415,0040075 01111100 01001000
360 0040045,0060020,0080015,0080025,0090005,0102305,0000005,0030415,0030445,0040015,0102395 01111100000 01010000000
361 0060020,0080025,0090005,0102305,0030415,0070545,0080015,0102395,0102405 110100000 110000000
362 0030415,0060020,0070545,0080025,0090005,0102305,0000005,0080015,0102325,0102405 0111110000 0111100000
363 0000005,0060020,0070545,0080025,0090005,0102305,0030415,0050015,0080015,0102325,0102405 01011100000 01011000000
364 0000005,0060020,0070545,0080025,0090005,0102305,0021245,0040105,0050015,0071665,0102405 01111100000 01011000000
365 0010005,0030415,0040035,0072015,0090025,0102305,0000005,0060190,0060400,0080015 1101110000 1101000000
366 0000005,0010005,0030415,0040035,0072015,0090025,0102305,0000015,0080015 011111100 011010000
367 0040045,0060020,0070645,0080015,0080025,0090005,0102305,0102395 11011111 11001001
368 0010005,0021365,0030415,0080025,0090025,0102305,0010045,0040015,0040095,0102460 1011110000 0010000000
369 0010005,0030415,0080025,0090025,0102305,0000005,0021365,0040015,0060400,0072015,0080040 01011000000 01000000000
370 0010005,0030415,0072015,0080025,0090025,0102305,0021385,0040065,0060400,0072255,0080040,0102405 111011000000 110000000000
371 0010035,0030415,0080025,0090025,0102305,0000375,0010055,0040015,0040025,0040065,0071345 01111000000 00000000000
372 0010035,0030415,0040015,0040065,0080025,0090025,0102305,0000005,0071345 111011100 100000000
373 0010015,0010035,0030415,0040015,0080025,0090025,0102305,0021365,0071745 011111100 010100000
374 0021365,0030415,0080025,0090025,0102305,0010005,0010015,0010035,0040015,0102425,0102460 00111000000 00000000000
375 0080015,0090025,0102305,0021245,0030415,0030455,0040045,0080025 00100000 00000000
376 0021245,0030415,0030455,0040045,0080025,0090025,0102305,0070100,0080015 011111100 000110000
377 0030415,0030455,0080025,0090025,0102305,0000005,0021245,0040045,0060190,0070100,0102445 10111000000 00100000000
378 0000005,0030415,0030455,0080025,0090025,0102305,0050005,0060190,0080015,0102445 0111110000 0011000000
379 0000005,0030415,0030455,0080015,0080025,0090025,0102305,0050005 11101110 00101000
380 0010035,0010055,0021255,0030415,0040025,0080025,0090025,0102305 11011111 01000000
381 0000005,0030405,0050015,0060020,0080015,0090025,0102305,0021285,0080025 111011100 101001000
382 0000005,0021285,0030405,0050015,0060020,0080015,0090025,0102305 11111111 10010010
383 0000005,0030415,0040085,0080015,0080025,0090025,0102305,0102365 11111111 00100101
384 0000005,0030415,0080015,0080025,0090025,0102305,0000025,0040085,0050005,0102365,0102375 11101100000 00001000000
385 0000005,0030415,0080015,0080025,0090025,0102305,0000025,0021345,0030405,0050005,0102515 10101100000 00001000000
386 0000005,0000025,0030415,0080015,0090025,0102305,0000015,0021285,0030405,0080025 1011110000 0010100000
387 0000005,0050015,0080015,0090025,0102305,0102445,0010005,0060020,0060315,0080025,0090005 11111000000 10010000000
388 0000005,0050015,0080015,0090025,0102305,0030405,0060020,0070575,0080025,0102435,0102445 10111000000 10010000000
